4
12
0 1
1.770175e+000 2.256838e+000 1.824759e+002 -8.063209e-001 1.378937e-001 -1.100631e+002 3.166773e-003 3.077717e-003 1.348621e+000
0.000000e+000 0.000000e+000 0.000000e+000 0.000000e+000 0.000000e+000 0.000000e+000 0.000000e+000 0.000000e+000 0.000000e+000
0.0000000000000000e+000
0
0
0 2
9.862479e+000 -3.610157e+000 5.103212e+002 8.824335e+000 -2.054873e+000 4.883580e+002 -3.004996e-002 9.851924e-003 -5.859097e-001
0.000000e+000 0.000000e+000 0.000000e+000 0.000000e+000 0.000000e+000 0.000000e+000 0.000000e+000 0.000000e+000 0.000000e+000
0.0000000000000000e+000
0
0
0 3
-1.140687e+000 2.540616e-001 -4.637275e+001 -1.358184e+000 -1.726558e+000 -1.842256e+002 5.346162e-003 9.972329e-003 1.927104e+000
0.000000e+000 0.000000e+000 0.000000e+000 0.000000e+000 0.000000e+000 0.000000e+000 0.000000e+000 0.000000e+000 0.000000e+000
0.0000000000000000e+000
0
0
1 0
2.542404e-001 -1.202623e+000 -1.325481e+002 3.580120e-001 8.767356e-001 2.311076e+001 -1.414023e-003 8.231285e-004 1.000000e+000
0.000000e+000 0.000000e+000 0.000000e+000 0.000000e+000 0.000000e+000 0.000000e+000 0.000000e+000 0.000000e+000 0.000000e+000
2.2222222222222221e-001
44
0
1 2
-1.051531e+000 4.464959e-002 -6.303572e+001 -5.029968e-001 1.063934e+000 1.798369e+001 1.641258e-003 -6.686947e-004 1.070731e+000
0.000000e+000 0.000000e+000 0.000000e+000 0.000000e+000 0.000000e+000 0.000000e+000 0.000000e+000 0.000000e+000 0.000000e+000
0.0000000000000000e+000
0
0
1 3
5.076626e-001 1.630828e+000 1.825018e+002 -1.554253e+000 -1.922814e-001 -1.549597e+002 4.908986e-003 4.497259e-003 1.816615e+000
0.000000e+000 0.000000e+000 0.000000e+000 0.000000e+000 0.000000e+000 0.000000e+000 0.000000e+000 0.000000e+000 0.000000e+000
0.0000000000000000e+000
0
0
2 0
-3.112127e-001 2.512636e-001 -6.163385e+001 -8.200153e-001 8.244787e-001 -2.701857e+001 2.173033e-003 9.766701e-004 1.000000e+000
0.000000e+000 0.000000e+000 0.000000e+000 0.000000e+000 0.000000e+000 0.000000e+000 0.000000e+000 0.000000e+000 0.000000e+000
1.3846153846153847e-001
27
0
2 1
-1.050089e+000 5.159225e-003 -6.190711e+001 -5.181883e-001 9.326353e-001 -4.617087e+001 1.285997e-003 5.745425e-004 1.000000e+000
0.000000e+000 0.000000e+000 0.000000e+000 0.000000e+000 0.000000e+000 0.000000e+000 0.000000e+000 0.000000e+000 0.000000e+000
1.7346938775510204e-001
34
0
2 3
1.058545e+001 -1.688668e+001 -6.388294e+002 1.348222e+000 -3.450875e-001 -4.207222e+001 -1.604595e-002 2.419655e-002 1.937880e+000
0.000000e+000 0.000000e+000 0.000000e+000 0.000000e+000 0.000000e+000 0.000000e+000 0.000000e+000 0.000000e+000 0.000000e+000
0.0000000000000000e+000
0
0
3 0
-6.438030e-001 -4.113359e-001 -5.481465e+001 7.053120e-001 -8.426378e-001 -6.358151e+001 -1.863796e-003 5.501588e-003 1.000000e+000
0.000000e+000 0.000000e+000 0.000000e+000 0.000000e+000 0.000000e+000 0.000000e+000 0.000000e+000 0.000000e+000 0.000000e+000
1.4210526315789473e-001
27
0
3 1
1.426252e-001 -8.788413e-001 -8.929483e+001 8.464074e-001 1.080322e-002 -8.411074e+001 -2.480800e-003 2.348123e-003 1.000000e+000
0.000000e+000 0.000000e+000 0.000000e+000 0.000000e+000 0.000000e+000 0.000000e+000 0.000000e+000 0.000000e+000 0.000000e+000
2.2340425531914893e-001
42
0
3 2
1.827260e-002 9.033602e-001 2.563597e+001 -1.013704e-001 5.369185e-001 -2.176041e+001 1.417020e-003 7.759508e-004 1.000000e+000
0.000000e+000 0.000000e+000 0.000000e+000 0.000000e+000 0.000000e+000 0.000000e+000 0.000000e+000 0.000000e+000 0.000000e+000
2.1243523316062177e-001
41
0
200
4 0 0 1 0 2 0 3 0
4 0 1 1 1 2 1 3 1
4 0 2 1 2 2 2 3 2
4 0 3 1 3 2 3 3 3
4 0 4 1 4 2 4 3 4
4 0 5 1 5 2 5 3 5
4 0 6 1 6 2 6 3 6
4 0 7 1 7 2 7 3 7
4 0 8 1 8 2 8 3 8
4 0 9 1 9 2 9 3 9
4 0 10 1 10 2 10 3 10
4 0 11 1 11 2 11 3 11
4 0 12 1 12 2 12 3 12
4 0 13 1 13 2 13 3 13
4 0 14 1 14 2 14 3 14
4 0 15 1 15 2 15 3 15
4 0 16 1 16 2 16 3 16
4 0 17 1 17 2 17 3 17
4 0 18 1 18 2 18 3 18
4 0 19 1 19 2 19 3 19
4 0 20 1 20 2 20 3 20
4 0 21 1 21 2 21 3 21
4 0 22 1 22 2 22 3 22
4 0 23 1 23 2 23 3 23
4 0 24 1 24 2 24 3 24
4 0 25 1 25 2 25 3 25
4 0 26 1 26 2 26 3 26
4 0 27 1 27 2 27 3 27
4 0 28 1 28 2 28 3 28
4 0 29 1 29 2 29 3 29
4 0 30 1 30 2 30 3 30
4 0 31 1 31 2 31 3 31
4 0 32 1 32 2 32 3 32
4 0 33 1 33 2 33 3 33
4 0 34 1 34 2 34 3 34
4 0 35 1 35 2 35 3 35
4 0 36 1 36 2 36 3 36
4 0 37 1 37 2 37 3 37
4 0 38 1 38 2 38 3 38
4 0 39 1 39 2 39 3 39
4 0 40 1 40 2 40 3 40
4 0 41 1 41 2 41 3 41
4 0 42 1 42 2 42 3 42
4 0 43 1 43 2 43 3 43
4 0 44 1 44 2 44 3 44
4 0 45 1 45 2 45 3 45
4 0 46 1 46 2 46 3 46
4 0 47 1 47 2 47 3 47
4 0 48 1 48 2 48 3 48
4 0 49 1 49 2 49 3 49
4 0 50 1 50 2 50 3 50
4 0 51 1 51 2 51 3 51
4 0 52 1 52 2 52 3 52
4 0 53 1 53 2 53 3 53
4 0 54 1 54 2 54 3 54
4 0 55 1 55 2 55 3 55
4 0 56 1 56 2 56 3 56
4 0 57 1 57 2 57 3 57
4 0 58 1 58 2 58 3 58
4 0 59 1 59 2 59 3 59
4 0 60 1 60 2 60 3 60
4 0 61 1 61 2 61 3 61
4 0 62 1 62 2 62 3 62
4 0 63 1 63 2 63 3 63
4 0 64 1 64 2 64 3 64
4 0 65 1 65 2 65 3 65
4 0 66 1 66 2 66 3 66
4 0 67 1 67 3 67 2 67
4 0 68 1 68 2 68 3 68
4 0 69 1 69 2 69 3 69
4 0 70 1 70 2 70 3 70
4 0 71 1 71 2 71 3 71
4 0 72 1 72 2 72 3 72
4 0 73 1 73 2 73 3 73
4 0 74 1 74 2 74 3 74
4 0 75 1 75 2 75 3 75
4 0 76 1 76 2 76 3 76
4 0 77 1 77 2 77 3 77
4 0 78 1 78 2 78 3 78
4 0 79 1 79 2 79 3 79
4 0 80 1 80 2 80 3 80
4 0 81 1 81 2 81 3 81
4 0 82 1 82 2 82 3 82
4 0 83 1 83 2 83 3 83
4 0 84 1 84 2 84 3 84
4 0 85 1 85 2 85 3 85
4 0 86 1 86 2 86 3 86
4 0 87 1 87 2 87 3 87
4 0 88 1 88 2 88 3 88
4 0 89 1 89 2 89 3 89
4 0 90 1 90 2 90 3 90
4 0 91 1 91 2 91 3 91
4 0 92 1 92 2 92 3 92
4 0 93 1 93 2 93 3 93
4 0 94 1 94 2 94 3 94
4 0 95 1 95 2 95 3 95
4 0 96 1 96 2 96 3 96
4 0 97 1 97 2 97 3 97
4 0 98 1 98 2 98 3 98
4 0 99 1 99 2 99 3 99
4 0 100 1 100 2 100 3 100
4 0 101 1 101 2 101 3 101
4 0 102 1 102 2 102 3 102
4 0 103 1 103 2 103 3 103
4 0 104 1 104 2 104 3 104
4 0 105 1 105 2 105 3 105
4 0 106 1 106 2 106 3 106
4 0 107 1 107 2 107 3 107
4 0 108 1 108 2 108 3 108
4 0 109 1 109 2 109 3 109
4 0 110 1 110 2 110 3 110
4 0 111 1 111 2 111 3 111
4 0 112 1 112 2 112 3 112
4 0 113 1 113 2 113 3 113
4 0 114 1 114 2 114 3 114
4 0 115 1 115 2 115 3 115
4 0 116 1 116 2 116 3 116
4 0 117 1 117 2 117 3 117
4 0 118 1 118 2 118 3 118
4 0 119 1 119 2 119 3 119
4 0 120 1 120 2 120 3 120
4 0 121 1 121 2 121 3 121
4 0 122 1 122 2 122 3 122
4 0 123 1 123 2 123 3 123
4 0 124 1 124 2 124 3 124
4 0 125 1 125 2 125 3 125
4 0 126 1 126 2 126 3 126
4 0 127 1 127 2 127 3 127
4 0 128 1 128 2 128 3 128
4 0 129 1 129 2 129 3 129
4 0 130 1 130 2 130 3 130
4 0 131 1 131 2 131 3 131
4 0 132 1 132 2 132 3 132
4 0 133 1 133 2 133 3 133
4 0 134 1 134 2 134 3 134
4 0 135 1 135 2 135 3 135
4 0 136 1 136 2 136 3 136
4 0 137 1 137 2 137 3 137
4 0 138 1 138 2 138 3 138
4 0 139 1 139 2 139 3 139
4 0 140 1 140 2 140 3 140
4 0 141 1 141 2 141 3 141
4 0 142 1 142 2 142 3 142
4 0 143 1 143 2 143 3 143
4 0 144 1 144 2 144 3 144
4 0 145 1 145 2 145 3 145
4 0 146 1 146 2 146 3 146
4 0 147 1 147 2 147 3 147
4 0 148 1 148 2 148 3 148
4 0 149 1 149 2 149 3 149
4 0 150 1 150 2 150 3 150
4 0 151 1 151 2 151 3 151
4 0 152 1 152 2 152 3 152
4 0 153 1 153 2 153 3 153
4 0 154 1 154 2 154 3 154
4 0 155 1 155 2 155 3 155
4 0 156 1 156 2 156 3 156
4 0 157 1 157 2 157 3 157
4 0 158 1 158 2 158 3 158
4 0 159 1 159 2 159 3 159
4 0 160 1 160 2 160 3 160
4 0 161 1 161 2 161 3 161
4 0 162 1 162 2 162 3 162
4 0 163 1 163 2 163 3 163
4 0 164 1 164 2 164 3 164
4 0 165 1 165 2 165 3 165
4 0 166 1 166 2 166 3 166
4 0 167 1 167 2 167 3 167
4 0 168 1 168 2 168 3 168
4 0 169 1 169 2 169 3 169
4 0 170 1 170 2 170 3 170
4 0 171 1 171 3 171 2 171
4 0 172 1 172 3 172 2 172
4 0 173 1 173 2 173 3 173
4 0 174 1 174 2 174 3 174
4 0 175 1 175 2 175 3 175
4 0 176 1 176 2 176 3 176
4 0 177 1 177 2 177 3 177
4 0 178 1 178 2 178 3 178
4 0 179 1 179 2 179 3 179
4 0 180 1 180 2 180 3 180
4 0 181 1 181 2 181 3 181
4 0 182 1 182 2 182 3 182
4 0 183 1 183 2 183 3 183
4 0 184 1 184 2 184 3 184
4 0 185 1 185 2 185 3 185
4 0 186 1 186 2 186 3 186
4 0 187 1 187 2 187 3 187
4 0 188 1 188 2 188 3 188
4 0 189 1 189 2 189 3 189
4 0 190 1 190 2 190 3 190
4 0 191 1 191 2 191 3 191
4 0 192 1 192 2 192 3 192
4 0 193 1 193 2 193 3 193
4 0 194 1 194 2 194 3 194
4 0 195 1 195 2 195 3 195
2 0 196 3 196
4 0 197 1 197 2 197 3 197
4 0 198 1 198 2 198 3 198
2 1 196 2 196
