4
12
0 1
-7.056675e+000 -4.252507e+000 5.977585e+002 8.514797e-001 1.475311e+000 -8.427954e+001 1.536041e-003 1.280123e-003 8.654078e-001
0.000000e+000 0.000000e+000 0.000000e+000 0.000000e+000 0.000000e+000 0.000000e+000 0.000000e+000 0.000000e+000 0.000000e+000
0.0000000000000000e+000
0
0
0 2
1.723485e-002 -7.221378e-001 -3.394265e+001 2.282566e+000 -2.231492e+000 -5.315291e+002 -1.699366e-002 2.645072e-002 5.374674e+000
0.000000e+000 0.000000e+000 0.000000e+000 0.000000e+000 0.000000e+000 0.000000e+000 0.000000e+000 0.000000e+000 0.000000e+000
0.0000000000000000e+000
0
0
0 3
-1.079717e+000 -1.000855e-001 2.159168e+001 2.561607e-001 1.379552e+000 8.623423e+001 -6.895082e-004 6.010420e-004 1.058594e+000
0.000000e+000 0.000000e+000 0.000000e+000 0.000000e+000 0.000000e+000 0.000000e+000 0.000000e+000 0.000000e+000 0.000000e+000
0.0000000000000000e+000
0
0
1 0
-2.039265e-001 -6.547048e-001 7.709729e+001 1.275922e-001 1.034643e+000 1.262972e+001 1.732198e-004 -3.683998e-004 1.000000e+000
0.000000e+000 0.000000e+000 0.000000e+000 0.000000e+000 0.000000e+000 0.000000e+000 0.000000e+000 0.000000e+000 0.000000e+000
2.5714285714285712e-001
18
0
1 2
2.217395e+000 -1.881358e+001 -2.247013e+003 -1.452347e+001 5.268479e+001 7.218077e+003 1.412722e-001 -5.682934e-001 -7.514582e+001
0.000000e+000 0.000000e+000 0.000000e+000 0.000000e+000 0.000000e+000 0.000000e+000 0.000000e+000 0.000000e+000 0.000000e+000
0.0000000000000000e+000
0
0
1 3
9.156119e-001 2.753813e+000 1.120850e+002 -2.341371e+000 -1.966343e+000 4.668749e+000 9.211683e-003 1.064974e-002 1.148839e+000
0.000000e+000 0.000000e+000 0.000000e+000 0.000000e+000 0.000000e+000 0.000000e+000 0.000000e+000 0.000000e+000 0.000000e+000
0.0000000000000000e+000
0
0
2 0
1.283200e+000 1.853225e+000 1.913788e+002 -2.009746e+000 -3.007564e-001 -4.243549e+001 1.394791e-002 7.339664e-003 1.000000e+000
0.000000e+000 0.000000e+000 0.000000e+000 0.000000e+000 0.000000e+000 0.000000e+000 0.000000e+000 0.000000e+000 0.000000e+000
2.9870129870129869e-001
23
0
2 1
-9.138676e-001 8.745870e-001 1.113343e+002 4.581683e-001 -9.641793e-001 -1.063137e+002 -5.182964e-003 8.935847e-003 1.000000e+000
0.000000e+000 0.000000e+000 0.000000e+000 0.000000e+000 0.000000e+000 0.000000e+000 0.000000e+000 0.000000e+000 0.000000e+000
2.0481927710843373e-001
17
0
2 3
2.204483e+000 -1.999059e+000 -2.953638e+002 5.594012e-001 8.806073e-001 6.784253e+000 -2.591710e-003 1.627254e-003 1.304670e+000
0.000000e+000 0.000000e+000 0.000000e+000 0.000000e+000 0.000000e+000 0.000000e+000 0.000000e+000 0.000000e+000 0.000000e+000
0.0000000000000000e+000
0
0
3 0
-9.622018e-001 -8.124087e-002 2.624357e+001 2.258571e-001 7.706158e-001 -6.738189e+001 -7.549592e-004 -4.904510e-004 1.000000e+000
0.000000e+000 0.000000e+000 0.000000e+000 0.000000e+000 0.000000e+000 0.000000e+000 0.000000e+000 0.000000e+000 0.000000e+000
3.2432432432432434e-001
24
0
3 1
-4.967909e-001 -4.239053e-001 5.019148e+001 5.880555e-001 4.174233e-003 -5.738986e+001 -1.467879e-003 3.360285e-003 1.000000e+000
0.000000e+000 0.000000e+000 0.000000e+000 0.000000e+000 0.000000e+000 0.000000e+000 0.000000e+000 0.000000e+000 0.000000e+000
3.0681818181818182e-001
27
0
3 2
3.719039e-001 6.953550e-001 8.057936e+001 -2.442890e-001 6.898463e-001 -5.889168e+001 1.043472e-003 5.209003e-004 1.000000e+000
0.000000e+000 0.000000e+000 0.000000e+000 0.000000e+000 0.000000e+000 0.000000e+000 0.000000e+000 0.000000e+000 0.000000e+000
2.5287356321839083e-001
22
0
88
4 0 0 1 0 2 0 3 0
4 0 1 1 1 2 1 3 1
4 0 2 1 2 2 2 3 2
4 0 3 1 3 2 3 3 3
4 0 4 1 4 2 4 3 4
4 0 5 1 5 2 5 3 5
4 0 6 1 6 2 6 3 6
4 0 7 1 7 2 7 3 7
4 0 8 1 8 2 8 3 8
4 0 9 1 9 2 9 3 9
4 0 10 1 10 2 10 3 10
4 0 11 1 11 2 11 3 11
4 0 12 1 12 2 12 3 12
4 0 13 1 13 2 13 3 13
4 0 14 2 14 3 14 1 14
4 0 15 1 15 2 15 3 15
4 0 16 2 16 3 16 1 16
4 0 17 2 17 3 17 1 17
4 0 18 2 18 3 18 1 18
4 0 19 2 19 3 19 1 19
4 0 20 1 20 2 20 3 20
4 0 21 1 21 2 21 3 21
4 0 22 1 22 2 22 3 22
4 0 23 1 23 2 23 3 23
4 0 24 1 24 2 24 3 24
4 0 25 1 25 2 25 3 25
4 0 26 1 26 2 26 3 26
4 0 27 1 27 2 27 3 27
4 0 28 1 28 2 28 3 28
4 0 29 1 29 2 29 3 29
4 0 30 1 30 2 30 3 30
4 0 31 1 31 2 31 3 31
4 0 32 1 32 2 32 3 32
4 0 33 1 33 2 33 3 33
4 0 34 1 34 2 34 3 34
4 0 35 1 35 2 35 3 35
4 0 36 1 36 2 36 3 36
4 0 37 1 37 2 37 3 37
4 0 38 1 38 2 38 3 38
4 0 39 1 39 2 39 3 39
4 0 40 1 40 2 40 3 40
4 0 41 1 41 2 41 3 41
4 0 42 1 42 2 42 3 42
4 0 43 1 43 2 43 3 43
4 0 44 1 44 2 44 3 44
4 0 45 1 45 2 45 3 45
4 0 46 1 46 2 46 3 46
4 0 51 1 51 2 51 3 51
4 0 52 1 52 2 52 3 52
4 0 53 1 53 2 53 3 53
4 0 54 1 54 2 54 3 54
4 0 55 1 55 2 55 3 55
4 0 56 1 56 2 56 3 56
4 0 57 1 57 2 57 3 57
4 0 60 1 60 2 60 3 60
4 0 61 1 61 2 61 3 61
4 0 62 1 62 2 62 3 62
4 0 63 1 63 2 63 3 63
4 0 64 1 64 2 64 3 64
4 0 65 1 65 2 65 3 65
4 0 66 2 66 1 66 3 66
4 0 68 1 68 2 68 3 68
4 0 69 1 69 2 69 3 69
4 0 70 1 70 2 70 3 70
4 0 74 1 74 2 74 3 74
4 0 75 1 75 2 75 3 75
4 0 76 1 76 2 76 3 76
4 0 77 1 77 2 77 3 77
4 0 78 1 78 2 78 3 78
4 0 79 1 79 2 79 3 79
4 0 80 1 80 2 80 3 80
4 0 81 1 81 2 81 3 81
4 0 82 1 82 2 82 3 82
4 0 83 1 83 2 83 3 83
4 0 84 1 84 2 84 3 84
4 0 85 1 85 2 85 3 85
4 0 86 2 86 3 86 1 86
4 0 87 1 87 2 87 3 87
3 1 47 2 47 3 47
3 1 48 2 48 3 48
3 1 49 2 49 3 49
3 1 50 2 50 3 50
3 1 58 2 58 3 58
3 1 59 2 59 3 59
3 1 67 2 67 3 67
3 1 71 2 71 3 71
3 1 72 2 72 3 72
3 1 73 2 73 3 73
