4
12
0 1
3.732430e+000 3.948687e-003 1.122467e+002 -1.264432e+000 1.191712e+000 -5.908437e+001 -5.706000e-003 8.778499e-004 8.127999e-001
0.000000e+000 0.000000e+000 0.000000e+000 0.000000e+000 0.000000e+000 0.000000e+000 0.000000e+000 0.000000e+000 0.000000e+000
0.0000000000000000e+000
0
0
0 2
7.493079e-001 -8.060872e-001 1.038853e+002 2.106170e+000 6.541123e-002 2.685600e+002 6.002382e-003 -2.853626e-003 1.795942e+000
0.000000e+000 0.000000e+000 0.000000e+000 0.000000e+000 0.000000e+000 0.000000e+000 0.000000e+000 0.000000e+000 0.000000e+000
0.0000000000000000e+000
0
0
0 3
-1.565277e+000 -1.794399e-001 -4.444499e+001 -7.159199e-002 1.604916e+000 -2.025838e+002 -5.343432e-004 -1.120700e-003 1.116543e+000
0.000000e+000 0.000000e+000 0.000000e+000 0.000000e+000 0.000000e+000 0.000000e+000 0.000000e+000 0.000000e+000 0.000000e+000
0.0000000000000000e+000
0
0
1 0
2.291705e-001 2.140732e-002 -3.009203e+001 3.065063e-001 8.251107e-001 1.765111e+001 1.277781e-003 -7.408628e-004 1.000000e+000
0.000000e+000 0.000000e+000 0.000000e+000 0.000000e+000 0.000000e+000 0.000000e+000 0.000000e+000 0.000000e+000 0.000000e+000
1.9607843137254902e-001
20
0
1 2
-8.157534e-001 -3.310850e-001 -8.652877e+001 -2.028317e+000 2.384914e+000 -3.690578e+002 -6.392500e-003 4.511439e-003 -1.897232e-002
0.000000e+000 0.000000e+000 0.000000e+000 0.000000e+000 0.000000e+000 0.000000e+000 0.000000e+000 0.000000e+000 0.000000e+000
0.0000000000000000e+000
0
0
1 3
2.306796e-001 1.196472e+000 -3.455944e+001 -1.328545e+000 -1.103730e-001 -8.498083e+001 -4.167183e-003 -3.036105e-003 8.461192e-001
0.000000e+000 0.000000e+000 0.000000e+000 0.000000e+000 0.000000e+000 0.000000e+000 0.000000e+000 0.000000e+000 0.000000e+000
0.0000000000000000e+000
0
0
2 0
5.059880e-001 6.590654e-001 -1.278234e+002 -1.242613e+000 4.134223e-001 1.005633e+001 -3.665535e-003 -1.545824e-003 1.000000e+000
0.000000e+000 0.000000e+000 0.000000e+000 0.000000e+000 0.000000e+000 0.000000e+000 0.000000e+000 0.000000e+000 0.000000e+000
2.5252525252525254e-001
25
0
2 1
-6.189170e-001 1.515643e-001 -1.255435e+002 -8.867707e-001 2.054447e-001 4.797486e+001 -2.328936e-003 -2.214971e-003 1.000000e+000
0.000000e+000 0.000000e+000 0.000000e+000 0.000000e+000 0.000000e+000 0.000000e+000 0.000000e+000 0.000000e+000 0.000000e+000
1.9444444444444445e-001
21
0
2 3
9.465194e-001 -1.294659e+000 1.522277e+002 3.955748e-001 9.616666e-001 -2.541408e+001 1.492651e-003 -1.088544e-003 1.183591e+000
0.000000e+000 0.000000e+000 0.000000e+000 0.000000e+000 0.000000e+000 0.000000e+000 0.000000e+000 0.000000e+000 0.000000e+000
0.0000000000000000e+000
0
0
3 0
-6.197748e-001 -9.907459e-002 -4.264664e+001 -7.452910e-002 7.015675e-001 1.243247e+002 -3.714119e-004 6.567658e-004 1.000000e+000
0.000000e+000 0.000000e+000 0.000000e+000 0.000000e+000 0.000000e+000 0.000000e+000 0.000000e+000 0.000000e+000 0.000000e+000
1.6161616161616163e-001
16
0
3 1
-2.246647e-001 -5.801599e-001 -6.744530e+001 9.451010e-001 3.271321e-002 4.188791e+001 2.284793e-003 -2.739936e-003 1.000000e+000
0.000000e+000 0.000000e+000 0.000000e+000 0.000000e+000 0.000000e+000 0.000000e+000 0.000000e+000 0.000000e+000 0.000000e+000
2.0183486238532111e-001
22
0
3 2
7.807783e-001 9.608187e-001 -7.978919e+001 -3.558378e-001 6.278739e-001 5.924784e+001 -1.311918e-003 -6.342547e-004 1.000000e+000
0.000000e+000 0.000000e+000 0.000000e+000 0.000000e+000 0.000000e+000 0.000000e+000 0.000000e+000 0.000000e+000 0.000000e+000
1.6666666666666666e-001
18
0
112
4 0 0 1 0 2 0 3 0
4 0 1 1 1 2 1 3 1
4 0 2 1 2 2 2 3 2
4 0 3 1 3 2 3 3 3
4 0 4 1 4 2 4 3 4
4 0 5 1 5 2 5 3 5
4 0 6 1 6 2 6 3 6
4 0 7 1 7 2 7 3 7
4 0 8 1 8 2 8 3 8
4 0 9 1 9 2 9 3 9
4 0 10 1 10 2 10 3 10
4 0 11 1 11 2 11 3 11
4 0 12 1 12 2 12 3 12
4 0 13 1 13 2 13 3 13
4 0 14 1 14 2 14 3 14
4 0 15 1 15 2 15 3 15
4 0 16 1 16 2 16 3 16
4 0 17 1 17 2 17 3 17
4 0 18 1 18 2 18 3 18
4 0 19 1 19 2 19 3 19
4 0 20 1 20 2 20 3 20
4 0 21 1 21 2 21 3 21
4 0 22 1 22 2 22 3 22
4 0 23 1 23 2 23 3 23
4 0 24 1 24 2 24 3 24
4 0 25 1 25 2 25 3 25
4 0 26 1 26 2 26 3 26
4 0 27 1 27 2 27 3 27
4 0 28 1 28 2 28 3 28
4 0 29 1 29 2 29 3 29
4 0 30 1 30 2 30 3 30
4 0 31 1 31 2 31 3 31
4 0 32 1 32 2 32 3 32
4 0 35 2 35 1 35 3 35
4 0 39 1 39 2 39 3 39
4 0 40 1 40 2 40 3 40
4 0 41 1 41 2 41 3 41
4 0 42 1 42 2 42 3 42
4 0 43 1 43 2 43 3 43
4 0 44 1 44 2 44 3 44
4 0 45 1 45 2 45 3 45
4 0 46 1 46 2 46 3 46
4 0 47 1 47 2 47 3 47
4 0 48 1 48 2 48 3 48
4 0 49 1 49 2 49 3 49
4 0 50 1 50 2 50 3 50
4 0 51 1 51 2 51 3 51
4 0 52 1 52 2 52 3 52
4 0 53 1 53 2 53 3 53
4 0 54 1 54 2 54 3 54
4 0 55 1 55 2 55 3 55
4 0 56 1 56 2 56 3 56
4 0 57 1 57 3 57 2 57
4 0 58 1 58 3 58 2 58
4 0 59 1 59 2 59 3 59
4 0 60 2 60 3 60 1 60
4 0 61 2 61 3 61 1 61
4 0 62 1 62 2 62 3 62
4 0 63 1 63 2 63 3 63
4 0 64 1 64 2 64 3 64
4 0 65 1 65 2 65 3 65
4 0 66 1 66 2 66 3 66
4 0 67 1 67 2 67 3 67
4 0 68 1 68 2 68 3 68
4 0 69 1 69 2 69 3 69
4 0 70 1 70 2 70 3 70
4 0 71 1 71 2 71 3 71
4 0 72 1 72 2 72 3 72
4 0 73 1 73 2 73 3 73
4 0 74 1 74 2 74 3 74
4 0 75 1 75 2 75 3 75
4 0 76 1 76 2 76 3 76
4 0 77 1 77 2 77 3 77
4 0 78 1 78 2 78 3 78
4 0 79 1 79 2 79 3 79
4 0 80 1 80 2 80 3 80
4 0 81 1 81 2 81 3 81
4 0 82 1 82 2 82 3 82
4 0 83 1 83 2 83 3 83
4 0 84 2 84 1 84 3 84
4 0 85 2 85 3 85 1 85
4 0 87 1 87 2 87 3 87
4 0 88 1 88 3 88 2 88
4 0 89 1 89 3 89 2 89
4 0 90 1 90 3 90 2 90
4 0 91 1 91 2 91 3 91
4 0 92 1 92 2 92 3 92
4 0 93 1 93 2 93 3 93
4 0 94 1 94 2 94 3 94
4 0 95 1 95 2 95 3 95
4 0 96 1 96 2 96 3 96
4 0 97 1 97 2 97 3 97
4 0 98 1 98 2 98 3 98
4 0 99 1 99 2 99 3 99
4 0 100 1 100 2 100 3 100
4 0 101 1 101 2 101 3 101
4 0 103 1 103 2 103 3 103
4 0 104 1 104 2 104 3 104
4 0 105 1 105 3 105 2 105
4 0 106 1 106 2 106 3 106
4 0 107 1 107 2 107 3 107
4 0 108 1 108 2 108 3 108
4 0 109 1 109 2 109 3 109
4 0 110 1 110 2 110 3 110
4 0 111 1 111 2 111 3 111
3 1 33 2 33 3 33
3 1 34 2 34 3 34
3 1 36 2 36 3 36
3 1 37 2 37 3 37
3 1 38 2 38 3 38
3 1 86 3 86 2 86
3 1 102 2 102 3 102
