4
12
0 1
1.040510e+000 -1.407395e+000 1.240131e+002 5.995913e-001 8.341657e-001 -1.131284e-001 1.851908e-003 -1.179482e-003 1.163056e+000
0.000000e+000 0.000000e+000 0.000000e+000 0.000000e+000 0.000000e+000 0.000000e+000 0.000000e+000 0.000000e+000 0.000000e+000
0.0000000000000000e+000
0
0
0 2
1.683653e+000 1.395119e+000 -1.859897e+002 -3.532440e+000 -6.746892e-001 3.930671e+002 -1.163170e-002 -5.020055e-003 2.290765e+000
0.000000e+000 0.000000e+000 0.000000e+000 0.000000e+000 0.000000e+000 0.000000e+000 0.000000e+000 0.000000e+000 0.000000e+000
0.0000000000000000e+000
0
0
0 3
-1.379715e+000 6.944854e-001 3.374231e+001 2.915886e+000 -4.333232e+000 -6.088820e+001 1.169126e-002 -2.009416e-002 7.657620e-001
0.000000e+000 0.000000e+000 0.000000e+000 0.000000e+000 0.000000e+000 0.000000e+000 0.000000e+000 0.000000e+000 0.000000e+000
0.0000000000000000e+000
0
0
1 0
5.666764e-001 8.707739e-001 -6.033828e+001 -4.075007e-001 5.727883e-001 4.350627e+001 -1.315562e-003 -8.056364e-004 1.000000e+000
0.000000e+000 0.000000e+000 0.000000e+000 0.000000e+000 0.000000e+000 0.000000e+000 0.000000e+000 0.000000e+000 0.000000e+000
2.7692307692307694e-001
18
0
1 2
-7.210610e-001 1.171123e-001 9.570921e+001 1.317300e+000 1.202895e+000 -1.759382e+002 4.020213e-005 -1.408355e-004 9.947669e-001
0.000000e+000 0.000000e+000 0.000000e+000 0.000000e+000 0.000000e+000 0.000000e+000 0.000000e+000 0.000000e+000 0.000000e+000
0.0000000000000000e+000
0
0
1 3
7.496824e+000 5.734784e+000 -1.544325e+003 3.127708e+000 2.694980e+000 -6.013189e+002 -2.961845e-002 -2.413387e-002 6.891409e+000
0.000000e+000 0.000000e+000 0.000000e+000 0.000000e+000 0.000000e+000 0.000000e+000 0.000000e+000 0.000000e+000 0.000000e+000
0.0000000000000000e+000
0
0
2 0
1.127737e-001 -5.965382e-001 1.115149e+002 9.282004e-001 4.465646e-001 -1.263401e+000 2.606713e-003 -2.050396e-003 1.000000e+000
0.000000e+000 0.000000e+000 0.000000e+000 0.000000e+000 0.000000e+000 0.000000e+000 0.000000e+000 0.000000e+000 0.000000e+000
3.1818181818181818e-001
21
0
2 1
-1.147009e+000 1.272265e-001 1.328586e+002 1.289582e+000 7.058656e-001 7.678382e-001 2.289292e-004 9.479222e-005 1.000000e+000
0.000000e+000 0.000000e+000 0.000000e+000 0.000000e+000 0.000000e+000 0.000000e+000 0.000000e+000 0.000000e+000 0.000000e+000
2.7941176470588236e-001
19
0
2 3
-2.410685e+000 3.933541e-001 -1.222408e+001 2.537056e-002 1.049209e+000 -4.090233e+001 4.028788e-004 4.746250e-004 9.809942e-001
0.000000e+000 0.000000e+000 0.000000e+000 0.000000e+000 0.000000e+000 0.000000e+000 0.000000e+000 0.000000e+000 0.000000e+000
0.0000000000000000e+000
0
0
3 0
-1.148760e+000 -3.060093e-001 2.628684e+001 -7.448263e-001 -3.670146e-001 3.637293e+000 -2.006116e-003 -4.958743e-003 1.000000e+000
0.000000e+000 0.000000e+000 0.000000e+000 0.000000e+000 0.000000e+000 0.000000e+000 0.000000e+000 0.000000e+000 0.000000e+000
2.1538461538461540e-001
14
0
3 1
1.790892e+000 -9.925710e-001 3.147205e+002 -1.651559e+000 2.612715e+000 -1.421290e+002 1.913243e-003 4.883834e-003 1.000000e+000
0.000000e+000 0.000000e+000 0.000000e+000 0.000000e+000 0.000000e+000 0.000000e+000 0.000000e+000 0.000000e+000 0.000000e+000
1.5942028985507245e-001
11
0
3 2
-4.129817e-001 1.542477e-001 1.285195e+000 1.629078e-002 9.293703e-001 3.895288e+001 1.617233e-004 -5.129954e-004 1.000000e+000
0.000000e+000 0.000000e+000 0.000000e+000 0.000000e+000 0.000000e+000 0.000000e+000 0.000000e+000 0.000000e+000 0.000000e+000
2.1538461538461540e-001
14
0
69
4 0 0 1 0 2 0 3 0
4 0 1 1 1 2 1 3 1
4 0 2 1 2 2 2 3 2
4 0 3 1 3 2 3 3 3
4 0 4 1 4 2 4 3 4
4 0 5 1 5 2 5 3 5
4 0 6 1 6 2 6 3 6
4 0 7 1 7 2 7 3 7
4 0 10 1 10 2 10 3 10
4 0 11 1 11 2 11 3 11
4 0 12 1 12 2 12 3 12
4 0 13 1 13 2 13 3 13
4 0 14 1 14 2 14 3 14
4 0 15 2 15 3 15 1 15
4 0 16 1 16 2 16 3 16
4 0 17 1 17 2 17 3 17
4 0 18 1 18 2 18 3 18
4 0 19 1 19 2 19 3 19
4 0 20 1 20 2 20 3 20
4 0 21 1 21 2 21 3 21
4 0 22 1 22 2 22 3 22
4 0 23 1 23 2 23 3 23
4 0 24 1 24 2 24 3 24
4 0 25 1 25 2 25 3 25
4 0 26 1 26 2 26 3 26
4 0 27 1 27 2 27 3 27
4 0 28 1 28 2 28 3 28
4 0 29 1 29 2 29 3 29
4 0 30 1 30 2 30 3 30
4 0 31 1 31 2 31 3 31
4 0 32 1 32 2 32 3 32
4 0 33 1 33 2 33 3 33
4 0 34 1 34 2 34 3 34
4 0 35 1 35 2 35 3 35
4 0 36 1 36 2 36 3 36
4 0 37 1 37 2 37 3 37
4 0 38 1 38 2 38 3 38
4 0 39 1 39 2 39 3 39
4 0 40 1 40 2 40 3 40
4 0 41 1 41 2 41 3 41
4 0 42 1 42 2 42 3 42
4 0 43 1 43 2 43 3 43
4 0 44 1 44 2 44 3 44
4 0 45 1 45 2 45 3 45
4 0 46 1 46 2 46 3 46
4 0 47 1 47 2 47 3 47
4 0 48 1 48 2 48 3 48
4 0 49 1 49 2 49 3 49
4 0 50 1 50 2 50 3 50
4 0 51 1 51 2 51 3 51
4 0 52 1 52 2 52 3 52
4 0 53 1 53 2 53 3 53
4 0 54 1 54 2 54 3 54
4 0 55 2 55 3 55 1 55
4 0 56 1 56 2 56 3 56
4 0 57 1 57 2 57 3 57
4 0 58 1 58 2 58 3 58
4 0 59 1 59 2 59 3 59
4 0 60 1 60 2 60 3 60
4 0 61 1 61 2 61 3 61
4 0 62 1 62 2 62 3 62
4 0 63 1 63 2 63 3 63
4 0 64 1 64 2 64 3 64
4 0 65 1 65 2 65 3 65
4 0 66 1 66 2 66 3 66
4 0 67 1 67 2 67 3 67
4 0 68 1 68 2 68 3 68
3 1 8 2 8 3 8
3 1 9 2 9 3 9
