4
12
0 1
1.599296e+000 -3.894798e-001 1.082865e+001 -8.716582e-002 8.156941e+000 -5.775900e+002 2.353073e-003 4.105931e-002 -1.936711e+000
0.000000e+000 0.000000e+000 0.000000e+000 0.000000e+000 0.000000e+000 0.000000e+000 0.000000e+000 0.000000e+000 0.000000e+000
0.0000000000000000e+000
0
0
0 2
-2.235632e+000 2.209441e+000 -3.755753e+002 7.124241e-001 2.918461e+000 -2.480175e+002 9.852032e-003 -7.972505e-003 2.476030e+000
0.000000e+000 0.000000e+000 0.000000e+000 0.000000e+000 0.000000e+000 0.000000e+000 0.000000e+000 0.000000e+000 0.000000e+000
0.0000000000000000e+000
0
0
0 3
-1.471945e+000 9.976564e-002 9.669303e+001 9.355056e-002 2.405742e+000 -2.691943e+002 -8.144877e-004 1.237076e-003 9.246156e-001
0.000000e+000 0.000000e+000 0.000000e+000 0.000000e+000 0.000000e+000 0.000000e+000 0.000000e+000 0.000000e+000 0.000000e+000
0.0000000000000000e+000
0
0
1 0
6.085276e-001 -2.380162e-002 1.050085e+001 -1.174296e-001 -2.400088e-001 7.092184e+001 -1.750220e-003 -5.117234e-003 1.000000e+000
0.000000e+000 0.000000e+000 0.000000e+000 0.000000e+000 0.000000e+000 0.000000e+000 0.000000e+000 0.000000e+000 0.000000e+000
3.6893203883495146e-001
38
0
1 2
-2.650117e+000 -5.158085e-001 -1.132877e+002 2.782869e+000 4.594298e+000 -4.280774e+002 1.158724e-002 7.093398e-003 8.422707e-001
0.000000e+000 0.000000e+000 0.000000e+000 0.000000e+000 0.000000e+000 0.000000e+000 0.000000e+000 0.000000e+000 0.000000e+000
0.0000000000000000e+000
0
0
1 3
-8.941520e-001 -1.268087e+000 8.323173e+001 -5.841899e-001 -1.687684e+000 1.891374e+002 -2.136571e-002 -2.193436e-002 1.676577e+000
0.000000e+000 0.000000e+000 0.000000e+000 0.000000e+000 0.000000e+000 0.000000e+000 0.000000e+000 0.000000e+000 0.000000e+000
0.0000000000000000e+000
0
0
2 0
-6.481161e-001 3.057746e-001 -6.768051e+001 5.195252e-001 2.266191e-001 1.015038e+002 4.251636e-003 -4.869809e-004 1.000000e+000
0.000000e+000 0.000000e+000 0.000000e+000 0.000000e+000 0.000000e+000 0.000000e+000 0.000000e+000 0.000000e+000 0.000000e+000
4.6153846153846156e-001
48
0
2 1
-6.430323e-001 3.437096e-002 -6.902080e+001 6.800899e-001 8.560750e-002 1.349832e+002 3.118738e-003 -1.193812e-003 1.000000e+000
0.000000e+000 0.000000e+000 0.000000e+000 0.000000e+000 0.000000e+000 0.000000e+000 0.000000e+000 0.000000e+000 0.000000e+000
4.3269230769230771e-001
45
0
2 3
1.552259e+000 -5.328569e-001 2.590629e+002 5.177445e-001 1.142189e+000 -9.566006e+000 2.614538e-003 2.386954e-003 1.197529e+000
0.000000e+000 0.000000e+000 0.000000e+000 0.000000e+000 0.000000e+000 0.000000e+000 0.000000e+000 0.000000e+000 0.000000e+000
0.0000000000000000e+000
0
0
3 0
-7.203024e-001 -7.709362e-003 7.308215e+001 -3.739159e-002 3.611450e-001 1.090547e+002 -5.844820e-004 -4.899797e-004 1.000000e+000
0.000000e+000 0.000000e+000 0.000000e+000 0.000000e+000 0.000000e+000 0.000000e+000 0.000000e+000 0.000000e+000 0.000000e+000
4.7524752475247523e-001
48
0
3 1
1.717006e+000 3.910370e-001 -1.293523e+002 -3.985223e+000 3.634150e-001 1.568444e+002 -3.025705e-002 9.737733e-003 1.000000e+000
0.000000e+000 0.000000e+000 0.000000e+000 0.000000e+000 0.000000e+000 0.000000e+000 0.000000e+000 0.000000e+000 0.000000e+000
4.1747572815533979e-001
43
0
3 2
6.787387e-001 6.132607e-001 -1.419335e+002 -3.148219e-001 5.766856e-001 7.271242e+001 -8.543608e-004 -2.488386e-003 1.000000e+000
0.000000e+000 0.000000e+000 0.000000e+000 0.000000e+000 0.000000e+000 0.000000e+000 0.000000e+000 0.000000e+000 0.000000e+000
4.0999999999999998e-001
41
0
105
4 0 0 1 0 2 0 3 0
4 0 1 1 1 2 1 3 1
4 0 2 1 2 2 2 3 2
4 0 3 1 3 2 3 3 3
4 0 4 3 4 1 4 2 4
4 0 5 1 5 2 5 3 5
4 0 6 1 6 2 6 3 6
4 0 7 1 7 2 7 3 7
4 0 8 1 8 2 8 3 8
4 0 9 1 9 2 9 3 9
4 0 10 1 10 2 10 3 10
4 0 11 1 11 2 11 3 11
4 0 12 1 12 2 12 3 12
4 0 13 1 13 2 13 3 13
4 0 14 1 14 2 14 3 14
4 0 15 1 15 2 15 3 15
4 0 16 2 16 3 16 1 16
4 0 17 1 17 2 17 3 17
4 0 18 1 18 2 18 3 18
4 0 19 1 19 2 19 3 19
4 0 20 1 20 2 20 3 20
4 0 21 1 21 2 21 3 21
4 0 22 1 22 2 22 3 22
4 0 23 1 23 2 23 3 23
4 0 24 1 24 2 24 3 24
4 0 25 1 25 2 25 3 25
4 0 26 1 26 2 26 3 26
4 0 27 1 27 2 27 3 27
4 0 28 1 28 2 28 3 28
4 0 29 1 29 2 29 3 29
4 0 30 1 30 2 30 3 30
4 0 31 1 31 2 31 3 31
4 0 32 1 32 2 32 3 32
4 0 33 1 33 2 33 3 33
4 0 34 1 34 2 34 3 34
4 0 35 1 35 2 35 3 35
4 0 36 1 36 2 36 3 36
4 0 37 1 37 2 37 3 37
4 0 38 1 38 2 38 3 38
4 0 39 1 39 2 39 3 39
4 0 40 1 40 2 40 3 40
4 0 41 1 41 2 41 3 41
4 0 42 1 42 2 42 3 42
4 0 43 1 43 2 43 3 43
4 0 44 1 44 2 44 3 44
4 0 45 1 45 2 45 3 45
4 0 46 1 46 2 46 3 46
4 0 47 1 47 2 47 3 47
4 0 48 1 48 2 48 3 48
4 0 49 1 49 2 49 3 49
4 0 50 1 50 2 50 3 50
4 0 51 1 51 2 51 3 51
4 0 52 1 52 2 52 3 52
4 0 53 1 53 2 53 3 53
4 0 54 1 54 2 54 3 54
4 0 55 1 55 2 55 3 55
4 0 56 1 56 2 56 3 56
4 0 57 1 57 2 57 3 57
4 0 58 1 58 2 58 3 58
4 0 59 1 59 2 59 3 59
4 0 60 1 60 2 60 3 60
4 0 61 1 61 2 61 3 61
4 0 62 1 62 2 62 3 62
4 0 63 1 63 2 63 3 63
4 0 64 1 64 2 64 3 64
4 0 65 1 65 2 65 3 65
4 0 66 1 66 2 66 3 66
4 0 67 1 67 2 67 3 67
4 0 68 1 68 2 68 3 68
4 0 69 1 69 2 69 3 69
4 0 70 1 70 2 70 3 70
4 0 71 1 71 2 71 3 71
4 0 72 1 72 2 72 3 72
4 0 73 1 73 2 73 3 73
4 0 74 1 74 2 74 3 74
4 0 75 1 75 2 75 3 75
4 0 76 1 76 2 76 3 76
4 0 77 1 77 2 77 3 77
4 0 78 1 78 2 78 3 78
4 0 79 1 79 2 79 3 79
4 0 80 1 80 2 80 3 80
4 0 81 1 81 2 81 3 81
4 0 82 1 82 2 82 3 82
4 0 83 1 83 2 83 3 83
4 0 84 1 84 2 84 3 84
4 0 85 1 85 2 85 3 85
4 0 86 1 86 2 86 3 86
4 0 87 1 87 2 87 3 87
4 0 88 1 88 2 88 3 88
4 0 89 1 89 2 89 3 89
4 0 90 1 90 2 90 3 90
4 0 91 1 91 2 91 3 91
4 0 92 1 92 2 92 3 92
4 0 93 1 93 2 93 3 93
4 0 94 1 94 2 94 3 94
4 0 95 1 95 2 95 3 95
4 0 96 1 96 2 96 3 96
4 0 97 1 97 2 97 3 97
4 0 98 1 98 2 98 3 98
4 0 99 1 99 2 99 3 99
4 0 100 1 100 2 100 3 100
4 0 101 1 101 2 101 3 101
4 0 102 1 102 2 102 3 102
4 0 103 1 103 2 103 3 103
4 0 104 1 104 2 104 3 104
