4
12
0 1
1.093598e+000 1.704234e+000 2.337676e+002 -1.350090e-001 9.155322e-001 -2.159016e+001 -6.852461e-004 -1.206033e-003 8.526298e-001
0.000000e+000 0.000000e+000 0.000000e+000 0.000000e+000 0.000000e+000 0.000000e+000 0.000000e+000 0.000000e+000 0.000000e+000
0.0000000000000000e+000
0
0
0 2
2.593260e-001 -5.652823e-001 -4.367217e+000 1.175120e+000 2.333871e-002 -3.283103e+001 -2.013098e-003 2.890671e-003 1.041457e+000
0.000000e+000 0.000000e+000 0.000000e+000 0.000000e+000 0.000000e+000 0.000000e+000 0.000000e+000 0.000000e+000 0.000000e+000
0.0000000000000000e+000
0
0
0 3
-1.767314e+000 -7.317675e-001 -2.534543e+002 -5.802401e-001 -5.735744e+000 -9.466120e+002 2.393656e-003 2.527703e-002 5.158848e+000
0.000000e+000 0.000000e+000 0.000000e+000 0.000000e+000 0.000000e+000 0.000000e+000 0.000000e+000 0.000000e+000 0.000000e+000
0.0000000000000000e+000
0
0
1 0
6.128194e-001 -1.409076e+000 -2.036986e+002 1.055032e-001 8.873652e-001 -6.456337e+000 6.417468e-004 1.227119e-004 1.000000e+000
0.000000e+000 0.000000e+000 0.000000e+000 0.000000e+000 0.000000e+000 0.000000e+000 0.000000e+000 0.000000e+000 0.000000e+000
2.7027027027027029e-001
20
0
1 2
4.186919e+000 -4.004486e+000 -5.453183e+002 -1.539950e+001 1.124367e+001 1.786477e+003 8.633980e-002 -5.873359e-002 -8.745317e+000
0.000000e+000 0.000000e+000 0.000000e+000 0.000000e+000 0.000000e+000 0.000000e+000 0.000000e+000 0.000000e+000 0.000000e+000
0.0000000000000000e+000
0
0
1 3
-3.980697e-001 1.132316e+000 7.893249e+001 -6.394403e-001 -2.585889e-001 -3.276763e+001 2.247845e-003 5.031385e-003 1.431806e+000
0.000000e+000 0.000000e+000 0.000000e+000 0.000000e+000 0.000000e+000 0.000000e+000 0.000000e+000 0.000000e+000 0.000000e+000
0.0000000000000000e+000
0
0
2 0
1.778386e-001 8.594211e-001 2.783825e+001 -1.727135e+000 3.897878e-001 5.045204e+000 5.137596e-003 5.793328e-004 1.000000e+000
0.000000e+000 0.000000e+000 0.000000e+000 0.000000e+000 0.000000e+000 0.000000e+000 0.000000e+000 0.000000e+000 0.000000e+000
2.2972972972972974e-001
17
0
2 1
-4.521145e-001 2.050613e-001 7.008135e+001 -1.341295e+000 -7.173550e-001 -6.290281e+001 4.544558e-003 6.842266e-003 1.000000e+000
0.000000e+000 0.000000e+000 0.000000e+000 0.000000e+000 0.000000e+000 0.000000e+000 0.000000e+000 0.000000e+000 0.000000e+000
2.3287671232876711e-001
17
0
2 3
4.221452e+000 -1.930906e+000 -5.348052e+002 8.479818e-001 9.607154e-001 -1.916635e+001 -5.339426e-003 1.436415e-003 1.610607e+000
0.000000e+000 0.000000e+000 0.000000e+000 0.000000e+000 0.000000e+000 0.000000e+000 0.000000e+000 0.000000e+000 0.000000e+000
0.0000000000000000e+000
0
0
3 0
-5.830049e-001 -2.709457e-001 -7.835967e+001 7.490610e-002 -8.762761e-001 -1.571103e+002 -9.651196e-005 4.419244e-003 1.000000e+000
0.000000e+000 0.000000e+000 0.000000e+000 0.000000e+000 0.000000e+000 0.000000e+000 0.000000e+000 0.000000e+000 0.000000e+000
3.2876712328767121e-001
24
0
3 1
-2.483510e-001 -1.480217e+000 -2.018448e+001 1.018033e+000 -9.037488e-001 -7.680480e+001 -3.187486e-003 5.499633e-003 1.000000e+000
0.000000e+000 0.000000e+000 0.000000e+000 0.000000e+000 0.000000e+000 0.000000e+000 0.000000e+000 0.000000e+000 0.000000e+000
3.1506849315068491e-001
23
0
3 2
2.766326e-001 4.113358e-001 9.675131e+001 -2.219271e-001 6.927027e-001 -6.544810e+001 1.115007e-003 7.458606e-004 1.000000e+000
0.000000e+000 0.000000e+000 0.000000e+000 0.000000e+000 0.000000e+000 0.000000e+000 0.000000e+000 0.000000e+000 0.000000e+000
2.5000000000000000e-001
18
0
74
4 0 0 1 0 2 0 3 0
4 0 1 1 1 2 1 3 1
4 0 2 1 2 2 2 3 2
4 0 3 1 3 2 3 3 3
4 0 4 1 4 2 4 3 4
4 0 5 1 5 2 5 3 5
4 0 6 1 6 2 6 3 6
4 0 7 1 7 2 7 3 7
4 0 8 1 8 2 8 3 8
4 0 9 1 9 2 9 3 9
4 0 10 1 10 2 10 3 10
4 0 11 1 11 2 11 3 11
4 0 12 1 12 2 12 3 12
4 0 13 1 13 2 13 3 13
4 0 14 1 14 2 14 3 14
4 0 15 1 15 2 15 3 15
4 0 16 1 16 2 16 3 16
4 0 17 1 17 2 17 3 17
4 0 18 1 18 2 18 3 18
4 0 19 1 19 2 19 3 19
4 0 20 1 20 2 20 3 20
4 0 21 1 21 2 21 3 21
4 0 22 1 22 2 22 3 22
4 0 23 1 23 2 23 3 23
4 0 24 1 24 2 24 3 24
4 0 25 1 25 2 25 3 25
4 0 26 1 26 2 26 3 26
4 0 27 1 27 2 27 3 27
4 0 28 1 28 2 28 3 28
4 0 29 1 29 2 29 3 29
4 0 30 1 30 2 30 3 30
4 0 31 1 31 2 31 3 31
4 0 32 1 32 2 32 3 32
4 0 33 1 33 2 33 3 33
4 0 34 1 34 2 34 3 34
4 0 35 1 35 2 35 3 35
4 0 36 1 36 2 36 3 36
4 0 37 1 37 2 37 3 37
4 0 38 1 38 2 38 3 38
4 0 39 1 39 2 39 3 39
4 0 40 1 40 2 40 3 40
4 0 41 1 41 2 41 3 41
4 0 42 1 42 2 42 3 42
4 0 43 1 43 2 43 3 43
4 0 44 1 44 2 44 3 44
4 0 45 1 45 2 45 3 45
4 0 46 1 46 2 46 3 46
4 0 47 1 47 2 47 3 47
4 0 48 1 48 2 48 3 48
4 0 49 1 49 2 49 3 49
4 0 50 1 50 2 50 3 50
4 0 51 1 51 2 51 3 51
4 0 52 1 52 2 52 3 52
4 0 53 1 53 2 53 3 53
4 0 54 1 54 2 54 3 54
4 0 55 1 55 2 55 3 55
4 0 56 1 56 2 56 3 56
4 0 57 1 57 2 57 3 57
4 0 58 1 58 2 58 3 58
4 0 59 1 59 2 59 3 59
4 0 60 1 60 2 60 3 60
4 0 61 1 61 2 61 3 61
4 0 62 1 62 2 62 3 62
4 0 63 1 63 2 63 3 63
4 0 64 1 64 2 64 3 64
4 0 65 1 65 2 65 3 65
4 0 66 1 66 2 66 3 66
4 0 67 1 67 2 67 3 67
4 0 68 1 68 2 68 3 68
4 0 69 1 69 2 69 3 69
4 0 70 1 70 2 70 3 70
4 0 71 1 71 2 71 3 71
4 0 72 1 72 2 72 3 72
4 0 73 1 73 2 73 3 73
