4
12
0 1
1.439631e+000 1.980800e+000 1.756127e+002 -5.594630e-001 4.111383e-001 -1.119978e+002 1.620293e-003 1.209822e-003 1.235425e+000
0.000000e+000 0.000000e+000 0.000000e+000 0.000000e+000 0.000000e+000 0.000000e+000 0.000000e+000 0.000000e+000 0.000000e+000
0.0000000000000000e+000
0
0
0 2
8.076806e-001 -3.467473e+000 3.027036e+001 1.778338e+000 -2.001369e+000 2.281929e+001 -5.579470e-003 1.025986e-002 8.974340e-001
0.000000e+000 0.000000e+000 0.000000e+000 0.000000e+000 0.000000e+000 0.000000e+000 0.000000e+000 0.000000e+000 0.000000e+000
0.0000000000000000e+000
0
0
0 3
-8.001607e-001 4.426701e-001 -4.030960e+001 -1.341399e+000 -4.403064e+000 2.779639e-001 7.900878e-003 2.240142e-002 1.044952e+000
0.000000e+000 0.000000e+000 0.000000e+000 0.000000e+000 0.000000e+000 0.000000e+000 0.000000e+000 0.000000e+000 0.000000e+000
0.0000000000000000e+000
0
0
1 0
3.784709e-001 -1.314456e+000 -1.729612e+002 2.998138e-001 8.787931e-001 3.704944e+001 -7.899754e-004 8.633636e-004 1.000000e+000
0.000000e+000 0.000000e+000 0.000000e+000 0.000000e+000 0.000000e+000 0.000000e+000 0.000000e+000 0.000000e+000 0.000000e+000
6.3394683026584867e-002
31
0
1 2
-2.061020e+000 -8.170477e-001 -1.809154e+002 -2.620539e+000 -3.603540e+000 -4.424110e+002 9.892597e-003 1.976711e-002 3.180524e+000
0.000000e+000 0.000000e+000 0.000000e+000 0.000000e+000 0.000000e+000 0.000000e+000 0.000000e+000 0.000000e+000 0.000000e+000
0.0000000000000000e+000
0
0
1 3
-7.095388e-001 2.949924e+000 1.704409e+002 -6.481963e-001 -1.015034e+000 -1.924761e+002 2.520789e-003 7.959154e-003 2.125035e+000
0.000000e+000 0.000000e+000 0.000000e+000 0.000000e+000 0.000000e+000 0.000000e+000 0.000000e+000 0.000000e+000 0.000000e+000
0.0000000000000000e+000
0
0
2 0
-4.462145e-001 7.521962e-001 -4.075522e+000 -3.787492e-001 1.964302e-001 7.780491e+000 1.555851e-003 2.430830e-003 1.000000e+000
0.000000e+000 0.000000e+000 0.000000e+000 0.000000e+000 0.000000e+000 0.000000e+000 0.000000e+000 0.000000e+000 0.000000e+000
9.6774193548387094e-002
42
0
2 1
-5.138161e-001 -1.849338e-001 -5.495132e+001 7.488077e-001 -9.015368e-001 -8.280992e+001 -3.055719e-003 6.178306e-003 1.000000e+000
0.000000e+000 0.000000e+000 0.000000e+000 0.000000e+000 0.000000e+000 0.000000e+000 0.000000e+000 0.000000e+000 0.000000e+000
5.5066079295154183e-002
25
0
2 3
9.346399e-001 -3.379316e+000 -3.137128e+002 4.741300e-001 1.000472e+000 4.799987e+001 -1.553540e-003 4.737518e-004 1.129003e+000
0.000000e+000 0.000000e+000 0.000000e+000 0.000000e+000 0.000000e+000 0.000000e+000 0.000000e+000 0.000000e+000 0.000000e+000
0.0000000000000000e+000
0
0
3 0
-1.119084e+000 -3.316921e-001 -4.308103e+001 3.410028e-001 -1.257357e-001 1.318782e+001 1.151052e-003 5.203413e-003 1.000000e+000
0.000000e+000 0.000000e+000 0.000000e+000 0.000000e+000 0.000000e+000 0.000000e+000 0.000000e+000 0.000000e+000 0.000000e+000
6.3736263736263732e-002
29
0
3 1
-2.374451e-001 -1.866072e+000 -1.499759e+002 3.389569e-001 -7.360157e-001 -9.385141e+001 -9.878711e-004 4.970287e-003 1.000000e+000
0.000000e+000 0.000000e+000 0.000000e+000 0.000000e+000 0.000000e+000 0.000000e+000 0.000000e+000 0.000000e+000 0.000000e+000
4.4117647058823532e-002
21
0
3 2
4.362070e-001 1.445084e+000 5.976946e+001 -2.403578e-001 2.237977e-001 -7.630239e+001 7.010922e-004 1.894567e-003 1.000000e+000
0.000000e+000 0.000000e+000 0.000000e+000 0.000000e+000 0.000000e+000 0.000000e+000 0.000000e+000 0.000000e+000 0.000000e+000
1.0389610389610390e-001
48
0
527
4 0 0 1 0 2 0 3 0
4 0 1 1 1 2 1 3 1
4 0 2 1 2 2 2 3 2
4 0 3 1 3 2 3 3 3
4 0 4 1 4 2 4 3 4
4 0 5 1 5 2 5 3 5
4 0 6 1 6 2 6 3 6
4 0 7 1 7 3 7 2 7
4 0 8 1 8 2 8 3 8
4 0 9 1 9 2 9 3 9
4 0 11 1 11 2 11 3 11
4 0 12 1 12 2 12 3 12
4 0 13 1 13 2 13 3 13
4 0 14 1 14 3 14 2 14
2 0 15 1 15
4 0 16 1 16 3 16 2 16
4 0 17 1 17 3 17 2 17
4 0 18 3 18 1 18 2 18
4 0 19 1 19 2 19 3 19
4 0 20 1 20 3 20 2 20
4 0 21 1 21 2 21 3 21
4 0 22 1 22 2 22 3 22
4 0 23 1 23 2 23 3 23
4 0 24 1 24 3 24 2 24
4 0 25 1 25 2 25 3 25
4 0 26 1 26 2 26 3 26
4 0 27 3 27 1 27 2 27
4 0 28 2 28 3 28 1 28
4 0 29 1 29 3 29 2 29
4 0 30 1 30 3 30 2 30
4 0 31 1 31 2 31 3 31
4 0 32 1 32 2 32 3 32
4 0 33 1 33 2 33 3 33
4 0 34 1 34 3 34 2 34
4 0 35 1 35 3 35 2 35
4 0 36 1 36 3 36 2 36
4 0 37 1 37 2 37 3 37
4 0 38 1 38 2 38 3 38
4 0 39 1 39 2 39 3 39
4 0 40 1 40 2 40 3 40
4 0 41 1 41 3 41 2 41
4 0 42 1 42 2 42 3 42
4 0 43 1 43 3 43 2 43
4 0 44 1 44 2 44 3 44
4 0 45 1 45 2 45 3 45
4 0 46 1 46 2 46 3 46
4 0 47 1 47 2 47 3 47
4 0 48 1 48 2 48 3 48
4 0 49 2 49 3 49 1 49
4 0 50 1 50 2 50 3 50
4 0 51 1 51 2 51 3 51
4 0 52 1 52 2 52 3 52
4 0 53 1 53 2 53 3 53
4 0 54 1 54 2 54 3 54
4 0 55 1 55 2 55 3 55
4 0 56 1 56 2 56 3 56
4 0 57 1 57 2 57 3 57
4 0 58 1 58 2 58 3 58
4 0 59 1 59 2 59 3 59
4 0 60 1 60 3 60 2 60
4 0 62 1 62 2 62 3 62
4 0 63 2 63 3 63 1 63
4 0 64 1 64 2 64 3 64
4 0 65 1 65 3 65 2 65
4 0 66 1 66 2 66 3 66
4 0 67 1 67 3 67 2 67
4 0 68 1 68 2 68 3 68
4 0 69 1 69 2 69 3 69
4 0 70 1 70 2 70 3 70
4 0 71 1 71 2 71 3 71
4 0 72 1 72 2 72 3 72
4 0 73 1 73 2 73 3 73
4 0 74 1 74 2 74 3 74
4 0 75 1 75 2 75 3 75
4 0 76 1 76 2 76 3 76
4 0 77 1 77 2 77 3 77
4 0 78 1 78 2 78 3 78
4 0 79 1 79 2 79 3 79
4 0 80 1 80 2 80 3 80
4 0 81 1 81 2 81 3 81
4 0 82 1 82 2 82 3 82
4 0 83 1 83 2 83 3 83
4 0 84 1 84 2 84 3 84
4 0 85 1 85 2 85 3 85
4 0 86 1 86 2 86 3 86
4 0 87 1 87 2 87 3 87
4 0 88 1 88 2 88 3 88
4 0 89 1 89 2 89 3 89
4 0 90 1 90 2 90 3 90
4 0 91 1 91 2 91 3 91
4 0 92 1 92 2 92 3 92
4 0 93 1 93 2 93 3 93
4 0 94 1 94 2 94 3 94
4 0 95 1 95 2 95 3 95
4 0 96 1 96 2 96 3 96
4 0 97 1 97 2 97 3 97
4 0 98 1 98 2 98 3 98
4 0 99 2 99 3 99 1 99
4 0 100 2 100 3 100 1 100
4 0 101 1 101 2 101 3 101
4 0 102 1 102 2 102 3 102
4 0 103 1 103 2 103 3 103
4 0 104 1 104 2 104 3 104
4 0 105 1 105 2 105 3 105
4 0 106 1 106 2 106 3 106
4 0 107 1 107 2 107 3 107
4 0 108 1 108 2 108 3 108
4 0 109 1 109 2 109 3 109
4 0 110 1 110 2 110 3 110
4 0 111 1 111 2 111 3 111
4 0 112 1 112 2 112 3 112
4 0 113 1 113 2 113 3 113
4 0 114 1 114 2 114 3 114
4 0 115 1 115 2 115 3 115
4 0 116 1 116 2 116 3 116
4 0 117 1 117 2 117 3 117
4 0 118 1 118 2 118 3 118
4 0 119 1 119 2 119 3 119
4 0 120 1 120 2 120 3 120
4 0 121 1 121 2 121 3 121
4 0 122 1 122 2 122 3 122
4 0 123 1 123 2 123 3 123
4 0 124 1 124 2 124 3 124
4 0 125 1 125 2 125 3 125
4 0 126 1 126 2 126 3 126
4 0 127 1 127 2 127 3 127
4 0 128 1 128 2 128 3 128
4 0 129 1 129 2 129 3 129
4 0 130 1 130 2 130 3 130
4 0 131 1 131 2 131 3 131
4 0 132 1 132 2 132 3 132
4 0 133 1 133 2 133 3 133
4 0 134 1 134 2 134 3 134
4 0 135 1 135 2 135 3 135
4 0 136 1 136 2 136 3 136
4 0 137 1 137 2 137 3 137
4 0 138 1 138 2 138 3 138
4 0 139 1 139 2 139 3 139
4 0 140 1 140 2 140 3 140
4 0 141 1 141 2 141 3 141
4 0 142 1 142 2 142 3 142
4 0 143 1 143 2 143 3 143
4 0 144 1 144 2 144 3 144
4 0 145 1 145 2 145 3 145
4 0 146 1 146 2 146 3 146
4 0 147 1 147 2 147 3 147
4 0 148 1 148 2 148 3 148
4 0 149 1 149 2 149 3 149
4 0 150 1 150 2 150 3 150
4 0 151 1 151 2 151 3 151
4 0 152 1 152 2 152 3 152
4 0 153 1 153 3 153 2 153
4 0 154 1 154 2 154 3 154
4 0 155 1 155 2 155 3 155
4 0 156 1 156 2 156 3 156
4 0 157 1 157 2 157 3 157
4 0 158 1 158 3 158 2 158
4 0 159 2 159 3 159 1 159
4 0 160 1 160 3 160 2 160
4 0 161 3 161 1 161 2 161
4 0 162 1 162 3 162 2 162
4 0 163 3 163 1 163 2 163
4 0 164 1 164 3 164 2 164
4 0 165 1 165 2 165 3 165
4 0 166 1 166 2 166 3 166
4 0 167 1 167 2 167 3 167
4 0 168 1 168 2 168 3 168
4 0 169 1 169 2 169 3 169
4 0 170 1 170 2 170 3 170
4 0 171 1 171 2 171 3 171
4 0 172 1 172 2 172 3 172
4 0 173 1 173 2 173 3 173
4 0 174 1 174 3 174 2 174
4 0 175 1 175 3 175 2 175
4 0 176 1 176 2 176 3 176
4 0 177 1 177 3 177 2 177
4 0 178 1 178 3 178 2 178
4 0 179 1 179 2 179 3 179
4 0 180 1 180 2 180 3 180
4 0 181 1 181 2 181 3 181
4 0 182 1 182 2 182 3 182
4 0 183 1 183 3 183 2 183
4 0 184 1 184 2 184 3 184
4 0 185 1 185 3 185 2 185
4 0 186 1 186 2 186 3 186
4 0 187 1 187 2 187 3 187
4 0 188 1 188 2 188 3 188
4 0 189 1 189 2 189 3 189
4 0 190 1 190 2 190 3 190
4 0 191 1 191 2 191 3 191
4 0 192 1 192 2 192 3 192
4 0 193 1 193 2 193 3 193
4 0 194 2 194 3 194 1 194
4 0 195 1 195 2 195 3 195
2 0 196 3 196
4 0 197 1 197 2 197 3 197
4 0 198 1 198 2 198 3 198
4 0 199 1 199 3 199 2 199
4 0 200 1 200 3 200 2 200
4 0 201 1 201 2 201 3 201
4 0 202 1 202 3 202 2 202
4 0 203 1 203 3 203 2 203
4 0 204 1 204 2 204 3 204
4 0 205 1 205 2 205 3 205
4 0 206 1 206 2 206 3 206
4 0 207 1 207 2 207 3 207
4 0 208 1 208 2 208 3 208
4 0 209 1 209 2 209 3 209
4 0 210 1 210 2 210 3 210
4 0 211 1 211 2 211 3 211
4 0 212 1 212 2 212 3 212
4 0 213 1 213 2 213 3 213
4 0 214 1 214 2 214 3 214
4 0 215 1 215 2 215 3 215
4 0 216 1 216 2 216 3 216
4 0 217 1 217 2 217 3 217
4 0 218 1 218 2 218 3 218
4 0 219 1 219 2 219 3 219
4 0 220 2 220 1 220 3 220
4 0 221 1 221 2 221 3 221
4 0 222 1 222 2 222 3 222
4 0 223 1 223 2 223 3 223
4 0 224 1 224 2 224 3 224
4 0 225 1 225 2 225 3 225
4 0 226 1 226 2 226 3 226
4 0 227 1 227 2 227 3 227
4 0 228 1 228 2 228 3 228
3 0 229 1 229 2 229
4 0 230 1 230 2 230 3 230
4 0 231 1 231 2 231 3 231
4 0 232 1 232 2 232 3 232
4 0 233 1 233 2 233 3 233
4 0 234 1 234 2 234 3 234
4 0 235 1 235 2 235 3 235
4 0 236 1 236 2 236 3 236
4 0 237 1 237 2 237 3 237
4 0 238 1 238 2 238 3 238
4 0 239 1 239 2 239 3 239
4 0 240 1 240 2 240 3 240
4 0 241 1 241 2 241 3 241
4 0 242 1 242 2 242 3 242
4 0 243 1 243 2 243 3 243
4 0 244 1 244 2 244 3 244
4 0 245 1 245 2 245 3 245
4 0 246 1 246 2 246 3 246
4 0 247 1 247 2 247 3 247
4 0 248 1 248 2 248 3 248
4 0 249 1 249 2 249 3 249
4 0 250 1 250 2 250 3 250
4 0 251 1 251 2 251 3 251
4 0 252 1 252 3 252 2 252
4 0 253 1 253 3 253 2 253
4 0 254 1 254 3 254 2 254
4 0 255 1 255 2 255 3 255
4 0 256 1 256 2 256 3 256
4 0 257 2 257 3 257 1 257
4 0 258 1 258 2 258 3 258
4 0 259 1 259 2 259 3 259
4 0 260 1 260 3 260 2 260
4 0 261 1 261 2 261 3 261
4 0 262 1 262 3 262 2 262
4 0 263 1 263 2 263 3 263
4 0 264 1 264 2 264 3 264
4 0 265 1 265 2 265 3 265
4 0 266 1 266 2 266 3 266
4 0 267 3 267 1 267 2 267
4 0 268 1 268 2 268 3 268
4 0 269 1 269 2 269 3 269
4 0 270 1 270 2 270 3 270
4 0 271 1 271 2 271 3 271
4 0 272 1 272 2 272 3 272
4 0 273 1 273 2 273 3 273
4 0 274 1 274 3 274 2 274
4 0 275 1 275 2 275 3 275
4 0 276 1 276 2 276 3 276
4 0 277 1 277 2 277 3 277
4 0 278 1 278 3 278 2 278
4 0 279 1 279 2 279 3 279
4 0 280 1 280 3 280 2 280
4 0 281 1 281 3 281 2 281
4 0 282 1 282 2 282 3 282
4 0 283 3 283 1 283 2 283
4 0 284 2 284 3 284 1 284
4 0 285 2 285 3 285 1 285
4 0 286 2 286 1 286 3 286
4 0 287 1 287 2 287 3 287
4 0 288 2 288 1 288 3 288
4 0 289 1 289 2 289 3 289
4 0 290 2 290 1 290 3 290
4 0 291 1 291 2 291 3 291
4 0 292 1 292 2 292 3 292
4 0 293 1 293 2 293 3 293
4 0 294 1 294 2 294 3 294
4 0 295 1 295 2 295 3 295
4 0 296 1 296 2 296 3 296
4 0 297 1 297 2 297 3 297
4 0 298 1 298 3 298 2 298
4 0 299 1 299 2 299 3 299
4 0 300 1 300 2 300 3 300
4 0 301 1 301 2 301 3 301
4 0 302 1 302 2 302 3 302
4 0 303 1 303 2 303 3 303
4 0 304 1 304 2 304 3 304
4 0 305 1 305 2 305 3 305
4 0 306 1 306 2 306 3 306
4 0 307 1 307 2 307 3 307
4 0 308 1 308 2 308 3 308
4 0 309 1 309 2 309 3 309
4 0 310 1 310 2 310 3 310
4 0 311 1 311 2 311 3 311
4 0 312 1 312 2 312 3 312
4 0 313 1 313 2 313 3 313
4 0 314 1 314 2 314 3 314
4 0 315 1 315 2 315 3 315
4 0 316 1 316 2 316 3 316
4 0 317 1 317 3 317 2 317
4 0 318 1 318 2 318 3 318
4 0 319 1 319 2 319 3 319
4 0 320 1 320 2 320 3 320
4 0 321 1 321 2 321 3 321
4 0 322 1 322 2 322 3 322
4 0 323 1 323 2 323 3 323
4 0 324 1 324 2 324 3 324
4 0 325 1 325 2 325 3 325
4 0 326 1 326 2 326 3 326
4 0 327 1 327 2 327 3 327
4 0 328 1 328 2 328 3 328
4 0 329 1 329 2 329 3 329
4 0 330 1 330 2 330 3 330
4 0 331 1 331 2 331 3 331
4 0 332 1 332 2 332 3 332
4 0 333 1 333 2 333 3 333
4 0 334 1 334 2 334 3 334
4 0 335 1 335 2 335 3 335
4 0 336 1 336 2 336 3 336
4 0 337 1 337 2 337 3 337
4 0 338 1 338 2 338 3 338
4 0 339 1 339 2 339 3 339
4 0 340 1 340 2 340 3 340
4 0 341 1 341 2 341 3 341
4 0 342 1 342 2 342 3 342
4 0 343 1 343 2 343 3 343
4 0 344 1 344 2 344 3 344
4 0 345 1 345 2 345 3 345
4 0 346 1 346 2 346 3 346
4 0 347 1 347 2 347 3 347
4 0 348 1 348 2 348 3 348
4 0 349 1 349 2 349 3 349
4 0 350 1 350 2 350 3 350
4 0 351 1 351 2 351 3 351
4 0 352 1 352 2 352 3 352
4 0 353 1 353 2 353 3 353
4 0 354 1 354 2 354 3 354
4 0 355 1 355 2 355 3 355
4 0 356 1 356 2 356 3 356
4 0 357 3 357 1 357 2 357
4 0 358 1 358 2 358 3 358
4 0 359 1 359 3 359 2 359
3 0 360 1 360 3 360
4 0 362 1 362 3 362 2 362
4 0 363 1 363 3 363 2 363
4 0 364 1 364 3 364 2 364
4 0 365 1 365 3 365 2 365
4 0 366 1 366 3 366 2 366
4 0 367 1 367 3 367 2 367
2 0 368 3 368
4 0 369 1 369 3 369 2 369
4 0 371 1 371 2 371 3 371
4 0 372 1 372 2 372 3 372
4 0 373 2 373 1 373 3 373
4 0 374 1 374 2 374 3 374
4 0 375 1 375 2 375 3 375
4 0 376 1 376 2 376 3 376
4 0 377 1 377 2 377 3 377
4 0 378 1 378 2 378 3 378
4 0 379 1 379 2 379 3 379
4 0 380 1 380 2 380 3 380
4 0 381 1 381 2 381 3 381
4 0 382 1 382 2 382 3 382
4 0 383 1 383 2 383 3 383
4 0 384 1 384 2 384 3 384
4 0 385 1 385 2 385 3 385
4 0 386 1 386 2 386 3 386
4 0 387 1 387 2 387 3 387
3 0 388 1 388 3 388
4 0 389 1 389 2 389 3 389
4 0 390 1 390 2 390 3 390
4 0 391 1 391 2 391 3 391
4 0 392 1 392 2 392 3 392
3 0 393 2 393 3 393
4 0 394 1 394 2 394 3 394
4 0 395 1 395 2 395 3 395
4 0 396 1 396 2 396 3 396
4 0 397 1 397 2 397 3 397
4 0 398 1 398 2 398 3 398
3 0 399 1 399 3 399
4 0 400 1 400 3 400 2 400
4 0 401 1 401 2 401 3 401
4 0 402 1 402 2 402 3 402
4 0 404 1 404 2 404 3 404
4 0 405 1 405 2 405 3 405
4 0 406 1 406 2 406 3 406
4 0 407 1 407 2 407 3 407
4 0 408 1 408 2 408 3 408
4 0 409 1 409 2 409 3 409
4 0 410 1 410 2 410 3 410
4 0 411 1 411 2 411 3 411
4 0 412 1 412 2 412 3 412
4 0 413 1 413 2 413 3 413
4 0 414 1 414 3 414 2 414
4 0 415 1 415 3 415 2 415
4 0 416 1 416 3 416 2 416
4 0 417 1 417 3 417 2 417
4 0 418 3 418 1 418 2 418
4 0 419 1 419 3 419 2 419
4 0 420 1 420 2 420 3 420
4 0 421 1 421 2 421 3 421
4 0 422 1 422 2 422 3 422
4 0 423 1 423 2 423 3 423
4 0 425 1 425 2 425 3 425
4 0 426 2 426 3 426 1 426
4 0 427 2 427 3 427 1 427
4 0 428 1 428 2 428 3 428
4 0 429 1 429 2 429 3 429
4 0 430 1 430 2 430 3 430
4 0 431 1 431 2 431 3 431
4 0 432 1 432 2 432 3 432
4 0 433 1 433 2 433 3 433
4 0 434 1 434 2 434 3 434
4 0 435 1 435 2 435 3 435
4 0 436 1 436 2 436 3 436
4 0 437 1 437 2 437 3 437
4 0 438 1 438 2 438 3 438
4 0 439 1 439 2 439 3 439
4 0 440 3 440 1 440 2 440
4 0 441 1 441 3 441 2 441
4 0 442 1 442 2 442 3 442
4 0 443 1 443 2 443 3 443
4 0 444 1 444 3 444 2 444
4 0 445 1 445 2 445 3 445
4 0 446 1 446 2 446 3 446
4 0 447 1 447 2 447 3 447
4 0 448 1 448 2 448 3 448
4 0 449 1 449 2 449 3 449
4 0 450 1 450 2 450 3 450
4 0 451 1 451 2 451 3 451
4 0 452 1 452 2 452 3 452
4 0 453 1 453 2 453 3 453
4 0 454 1 454 2 454 3 454
4 0 455 1 455 2 455 3 455
4 0 456 1 456 2 456 3 456
4 0 457 1 457 2 457 3 457
4 0 458 1 458 2 458 3 458
4 0 459 1 459 2 459 3 459
4 0 460 1 460 2 460 3 460
4 0 461 1 461 2 461 3 461
4 0 462 1 462 2 462 3 462
4 0 463 1 463 2 463 3 463
4 0 464 1 464 2 464 3 464
4 0 465 1 465 2 465 3 465
4 0 466 1 466 2 466 3 466
4 0 467 1 467 2 467 3 467
4 0 468 1 468 2 468 3 468
4 0 469 1 469 3 469 2 469
4 0 470 1 470 3 470 2 470
4 0 471 1 471 2 471 3 471
4 0 472 1 472 2 472 3 472
4 0 473 1 473 2 473 3 473
4 0 474 1 474 2 474 3 474
4 0 475 1 475 2 475 3 475
4 0 476 1 476 2 476 3 476
4 0 477 1 477 2 477 3 477
4 0 478 1 478 3 478 2 478
3 0 479 1 479 2 479
4 0 480 1 480 2 480 3 480
4 0 481 1 481 2 481 3 481
4 0 482 1 482 2 482 3 482
3 0 483 1 483 2 483
4 0 484 1 484 2 484 3 484
4 0 485 1 485 2 485 3 485
4 0 486 1 486 2 486 3 486
4 0 487 1 487 2 487 3 487
3 0 488 1 488 2 488
4 0 489 1 489 2 489 3 489
4 0 490 1 490 2 490 3 490
4 0 491 1 491 2 491 3 491
4 0 492 1 492 2 492 3 492
4 0 493 1 493 2 493 3 493
4 0 494 1 494 2 494 3 494
4 0 495 1 495 2 495 3 495
4 0 496 1 496 2 496 3 496
4 0 497 1 497 2 497 3 497
4 0 498 1 498 2 498 3 498
4 0 499 2 499 3 499 1 499
4 0 500 1 500 2 500 3 500
4 0 501 1 501 2 501 3 501
4 0 502 1 502 3 502 2 502
4 0 503 1 503 2 503 3 503
4 0 504 1 504 2 504 3 504
4 0 505 1 505 2 505 3 505
4 0 506 1 506 2 506 3 506
4 0 507 1 507 2 507 3 507
4 0 508 1 508 2 508 3 508
4 0 509 1 509 2 509 3 509
4 0 510 1 510 2 510 3 510
4 0 511 1 511 2 511 3 511
4 0 512 1 512 2 512 3 512
4 0 513 1 513 2 513 3 513
4 0 514 1 514 2 514 3 514
4 0 515 1 515 2 515 3 515
4 0 516 1 516 2 516 3 516
4 0 517 1 517 2 517 3 517
4 0 518 1 518 2 518 3 518
4 0 519 1 519 2 519 3 519
4 0 520 1 520 2 520 3 520
4 0 521 1 521 2 521 3 521
4 0 522 1 522 2 522 3 522
4 0 523 1 523 2 523 3 523
4 0 524 1 524 3 524 2 524
3 1 10 2 10 3 10
2 1 61 3 61
3 1 361 2 361 3 361
2 1 368 2 368
3 1 370 2 370 3 370
2 1 403 2 403
3 1 424 2 424 3 424
2 2 15 3 15
