4
12
0 1
7.239323e-001 1.539362e+000 1.636332e+001 -2.755973e-001 5.754589e-001 -3.551831e+001 5.732744e-004 5.689407e-004 1.029350e+000
0.000000e+000 0.000000e+000 0.000000e+000 0.000000e+000 0.000000e+000 0.000000e+000 0.000000e+000 0.000000e+000 0.000000e+000
0.0000000000000000e+000
0
0
0 2
1.453097e-001 -5.601488e-001 -1.811896e+001 2.813178e-001 -2.670422e-001 -3.670148e+001 2.110238e-003 4.189209e-003 7.123942e-001
0.000000e+000 0.000000e+000 0.000000e+000 0.000000e+000 0.000000e+000 0.000000e+000 0.000000e+000 0.000000e+000 0.000000e+000
0.0000000000000000e+000
0
0
0 3
-1.176192e+000 2.030111e-001 -5.540181e+001 -4.789578e-002 -1.083696e+000 -4.240170e+001 8.077592e-004 8.254345e-003 1.346642e+000
0.000000e+000 0.000000e+000 0.000000e+000 0.000000e+000 0.000000e+000 0.000000e+000 0.000000e+000 0.000000e+000 0.000000e+000
0.0000000000000000e+000
0
0
1 0
7.285080e-001 -1.873410e+000 -7.622396e+001 3.131693e-001 8.750793e-001 2.521672e+001 -5.788211e-004 5.596829e-004 1.000000e+000
0.000000e+000 0.000000e+000 0.000000e+000 0.000000e+000 0.000000e+000 0.000000e+000 0.000000e+000 0.000000e+000 0.000000e+000
3.3600000000000002e-001
42
0
1 2
-2.096844e+000 -3.404875e-001 -1.542982e+002 7.870142e-001 -2.961354e+000 -2.226206e+002 -4.145111e-003 1.753524e-002 2.348524e+000
0.000000e+000 0.000000e+000 0.000000e+000 0.000000e+000 0.000000e+000 0.000000e+000 0.000000e+000 0.000000e+000 0.000000e+000
0.0000000000000000e+000
0
0
1 3
5.709177e-001 1.563714e+000 1.516889e+002 -1.425522e+000 -7.578301e-001 -1.954791e+002 8.811484e-003 1.339508e-002 2.715656e+000
0.000000e+000 0.000000e+000 0.000000e+000 0.000000e+000 0.000000e+000 0.000000e+000 0.000000e+000 0.000000e+000 0.000000e+000
0.0000000000000000e+000
0
0
2 0
-3.072098e-001 2.720606e+000 1.323480e+002 -2.339345e+000 1.193449e+000 1.986058e+000 1.466645e-002 -1.507696e-002 1.000000e+000
0.000000e+000 0.000000e+000 0.000000e+000 0.000000e+000 0.000000e+000 0.000000e+000 0.000000e+000 0.000000e+000 0.000000e+000
3.2000000000000001e-001
40
0
2 1
-4.710337e-001 -2.942528e-001 -5.883969e+001 -1.428852e-001 -8.589887e-001 -9.081261e+001 2.354837e-004 5.894282e-003 1.000000e+000
0.000000e+000 0.000000e+000 0.000000e+000 0.000000e+000 0.000000e+000 0.000000e+000 0.000000e+000 0.000000e+000 0.000000e+000
3.0399999999999999e-001
38
0
2 3
6.735108e-001 -3.576201e+000 -3.330148e+002 2.014777e-001 7.738478e-001 7.415045e+001 -4.113350e-003 4.337754e-003 1.384089e+000
0.000000e+000 0.000000e+000 0.000000e+000 0.000000e+000 0.000000e+000 0.000000e+000 0.000000e+000 0.000000e+000 0.000000e+000
0.0000000000000000e+000
0
0
3 0
-8.637408e-001 -5.689139e-001 -5.344831e+001 2.355114e-002 -1.198387e+000 -3.676469e+001 3.737411e-004 7.686859e-003 1.000000e+000
0.000000e+000 0.000000e+000 0.000000e+000 0.000000e+000 0.000000e+000 0.000000e+000 0.000000e+000 0.000000e+000 0.000000e+000
2.7272727272727271e-001
33
0
3 1
3.119775e-001 -1.232777e+000 -1.061643e+002 1.196118e+000 1.190189e-001 -5.824457e+001 -6.912175e-003 3.412925e-003 1.000000e+000
0.000000e+000 0.000000e+000 0.000000e+000 0.000000e+000 0.000000e+000 0.000000e+000 0.000000e+000 0.000000e+000 0.000000e+000
3.1147540983606559e-001
38
0
3 2
6.035401e-001 2.822894e+000 -6.019181e+000 -4.702107e-001 -3.524207e-001 -9.425331e+001 3.267298e-003 9.493803e-003 1.000000e+000
0.000000e+000 0.000000e+000 0.000000e+000 0.000000e+000 0.000000e+000 0.000000e+000 0.000000e+000 0.000000e+000 0.000000e+000
2.3529411764705882e-001
28
0
125
4 0 0 1 0 2 0 3 0
4 0 1 1 1 2 1 3 1
4 0 2 1 2 2 2 3 2
4 0 3 1 3 2 3 3 3
4 0 4 1 4 2 4 3 4
4 0 5 1 5 2 5 3 5
4 0 6 1 6 2 6 3 6
3 0 7 1 7 2 7
4 0 8 1 8 2 8 3 8
4 0 9 1 9 2 9 3 9
4 0 10 1 10 2 10 3 10
4 0 11 1 11 2 11 3 11
4 0 12 1 12 2 12 3 12
4 0 13 1 13 2 13 3 13
4 0 14 1 14 2 14 3 14
4 0 15 1 15 2 15 3 15
4 0 16 1 16 2 16 3 16
4 0 17 1 17 2 17 3 17
4 0 18 1 18 2 18 3 18
4 0 19 1 19 2 19 3 19
4 0 20 1 20 2 20 3 20
4 0 21 1 21 2 21 3 21
4 0 22 1 22 2 22 3 22
4 0 23 1 23 2 23 3 23
4 0 24 1 24 2 24 3 24
4 0 25 1 25 2 25 3 25
4 0 26 1 26 2 26 3 26
4 0 27 1 27 2 27 3 27
4 0 28 1 28 2 28 3 28
4 0 29 1 29 2 29 3 29
4 0 30 1 30 2 30 3 30
4 0 31 1 31 2 31 3 31
4 0 32 1 32 2 32 3 32
4 0 33 1 33 2 33 3 33
4 0 34 1 34 2 34 3 34
4 0 35 1 35 2 35 3 35
4 0 36 1 36 2 36 3 36
4 0 37 1 37 2 37 3 37
4 0 38 1 38 2 38 3 38
4 0 39 1 39 2 39 3 39
4 0 40 1 40 2 40 3 40
4 0 41 1 41 2 41 3 41
4 0 42 1 42 2 42 3 42
4 0 43 1 43 2 43 3 43
4 0 44 1 44 2 44 3 44
4 0 45 1 45 2 45 3 45
4 0 46 1 46 2 46 3 46
4 0 47 1 47 2 47 3 47
4 0 48 1 48 2 48 3 48
4 0 49 1 49 2 49 3 49
4 0 50 1 50 2 50 3 50
4 0 51 1 51 2 51 3 51
4 0 52 1 52 2 52 3 52
4 0 53 1 53 2 53 3 53
4 0 54 1 54 2 54 3 54
4 0 55 1 55 2 55 3 55
4 0 56 1 56 2 56 3 56
4 0 57 1 57 2 57 3 57
4 0 58 1 58 2 58 3 58
4 0 59 1 59 2 59 3 59
4 0 60 1 60 2 60 3 60
4 0 61 1 61 2 61 3 61
4 0 62 1 62 2 62 3 62
4 0 63 1 63 2 63 3 63
4 0 64 1 64 2 64 3 64
4 0 65 1 65 2 65 3 65
4 0 66 1 66 2 66 3 66
4 0 67 1 67 2 67 3 67
4 0 68 1 68 2 68 3 68
4 0 69 1 69 2 69 3 69
4 0 70 1 70 2 70 3 70
4 0 71 1 71 2 71 3 71
4 0 72 1 72 2 72 3 72
4 0 73 1 73 2 73 3 73
4 0 74 1 74 2 74 3 74
4 0 75 1 75 2 75 3 75
4 0 76 1 76 2 76 3 76
4 0 77 1 77 2 77 3 77
4 0 78 1 78 2 78 3 78
4 0 79 1 79 2 79 3 79
4 0 80 1 80 2 80 3 80
4 0 81 1 81 2 81 3 81
4 0 82 1 82 2 82 3 82
4 0 83 1 83 2 83 3 83
4 0 84 1 84 2 84 3 84
4 0 85 1 85 2 85 3 85
4 0 86 1 86 2 86 3 86
4 0 87 1 87 2 87 3 87
4 0 88 1 88 2 88 3 88
4 0 89 1 89 2 89 3 89
4 0 90 1 90 2 90 3 90
4 0 91 1 91 2 91 3 91
4 0 92 1 92 2 92 3 92
4 0 93 1 93 2 93 3 93
4 0 94 1 94 2 94 3 94
4 0 95 1 95 2 95 3 95
4 0 96 1 96 2 96 3 96
4 0 97 1 97 2 97 3 97
4 0 98 1 98 2 98 3 98
4 0 99 1 99 2 99 3 99
4 0 100 1 100 2 100 3 100
4 0 101 1 101 2 101 3 101
4 0 102 1 102 2 102 3 102
4 0 103 1 103 2 103 3 103
4 0 104 1 104 2 104 3 104
4 0 105 1 105 2 105 3 105
4 0 106 1 106 2 106 3 106
4 0 107 1 107 2 107 3 107
4 0 108 1 108 2 108 3 108
4 0 109 1 109 2 109 3 109
4 0 110 1 110 2 110 3 110
4 0 111 1 111 2 111 3 111
4 0 112 1 112 2 112 3 112
4 0 113 1 113 2 113 3 113
4 0 114 1 114 2 114 3 114
4 0 115 1 115 2 115 3 115
4 0 116 1 116 2 116 3 116
4 0 117 1 117 2 117 3 117
4 0 118 1 118 2 118 3 118
4 0 119 1 119 2 119 3 119
4 0 120 1 120 2 120 3 120
4 0 121 1 121 2 121 3 121
4 0 122 1 122 2 122 3 122
4 0 123 1 123 2 123 3 123
4 0 124 1 124 2 124 3 124
