4
12
0 1
3.168002e+000 7.342817e+000 5.149620e+002 -7.304874e-001 -4.341791e-001 -1.292058e+002 7.715556e-005 -5.097485e-004 1.018265e+000
0.000000e+000 0.000000e+000 0.000000e+000 0.000000e+000 0.000000e+000 0.000000e+000 0.000000e+000 0.000000e+000 0.000000e+000
0.0000000000000000e+000
0
0
0 2
-1.840073e+000 -4.178490e+000 -2.116704e+002 -6.579430e-001 -3.817388e+000 -2.983995e+002 3.470263e-003 2.202444e-002 2.755055e+000
0.000000e+000 0.000000e+000 0.000000e+000 0.000000e+000 0.000000e+000 0.000000e+000 0.000000e+000 0.000000e+000 0.000000e+000
0.0000000000000000e+000
0
0
0 3
-1.342740e+000 6.799155e-002 -7.208219e+001 -1.723089e+000 -5.408601e+000 -4.066147e+002 6.983833e-003 2.476487e-002 2.810555e+000
0.000000e+000 0.000000e+000 0.000000e+000 0.000000e+000 0.000000e+000 0.000000e+000 0.000000e+000 0.000000e+000 0.000000e+000
0.0000000000000000e+000
0
0
1 0
-1.273638e-001 -1.940508e+000 -1.818166e+002 1.840009e-001 7.988589e-001 8.311963e+000 1.017623e-004 5.469480e-004 1.000000e+000
0.000000e+000 0.000000e+000 0.000000e+000 0.000000e+000 0.000000e+000 0.000000e+000 0.000000e+000 0.000000e+000 0.000000e+000
3.6974789915966388e-001
44
0
1 2
-5.655259e-001 4.990557e+000 6.546709e+002 -2.495014e+000 -3.660223e+000 -5.652316e+002 1.958584e-002 5.102943e-002 8.435862e+000
0.000000e+000 0.000000e+000 0.000000e+000 0.000000e+000 0.000000e+000 0.000000e+000 0.000000e+000 0.000000e+000 0.000000e+000
0.0000000000000000e+000
0
0
1 3
1.564847e-002 2.947640e+000 1.753907e+002 -1.113054e+000 -1.351644e+000 -1.893431e+002 4.741290e-003 9.278384e-003 2.014200e+000
0.000000e+000 0.000000e+000 0.000000e+000 0.000000e+000 0.000000e+000 0.000000e+000 0.000000e+000 0.000000e+000 0.000000e+000
0.0000000000000000e+000
0
0
2 0
-9.228006e-001 1.602326e+000 1.026491e+002 1.817854e-001 -1.014008e+000 -9.586049e+001 -2.908696e-004 6.087890e-003 1.000000e+000
0.000000e+000 0.000000e+000 0.000000e+000 0.000000e+000 0.000000e+000 0.000000e+000 0.000000e+000 0.000000e+000 0.000000e+000
2.8571428571428570e-001
34
0
2 1
-1.400476e-001 -5.985743e-001 -2.923804e+001 6.870560e-001 -1.211516e+000 -1.344952e+002 -3.830922e-003 8.718320e-003 1.000000e+000
0.000000e+000 0.000000e+000 0.000000e+000 0.000000e+000 0.000000e+000 0.000000e+000 0.000000e+000 0.000000e+000 0.000000e+000
2.9411764705882354e-001
35
0
2 3
2.661371e+000 -5.844571e+000 -3.300491e+002 5.674175e-001 6.176392e-001 -3.185245e+001 -2.391750e-003 3.186217e-003 1.253911e+000
0.000000e+000 0.000000e+000 0.000000e+000 0.000000e+000 0.000000e+000 0.000000e+000 0.000000e+000 0.000000e+000 0.000000e+000
0.0000000000000000e+000
0
0
3 0
-6.953605e-001 -2.677959e-001 -5.657703e+001 2.714421e-001 -4.431783e-001 -5.715478e+001 -6.639066e-004 4.570447e-003 1.000000e+000
0.000000e+000 0.000000e+000 0.000000e+000 0.000000e+000 0.000000e+000 0.000000e+000 0.000000e+000 0.000000e+000 0.000000e+000
4.6218487394957986e-001
55
0
3 1
-2.962462e-001 -1.322132e+000 -9.848961e+001 4.123597e-001 -2.454372e-001 -5.897921e+001 -1.202186e-003 4.242813e-003 1.000000e+000
0.000000e+000 0.000000e+000 0.000000e+000 0.000000e+000 0.000000e+000 0.000000e+000 0.000000e+000 0.000000e+000 0.000000e+000
4.7058823529411764e-001
56
0
3 2
1.766007e-001 1.265497e+000 7.863083e+001 -1.280843e-001 5.136467e-001 -2.066588e+001 6.623188e-004 1.108661e-003 1.000000e+000
0.000000e+000 0.000000e+000 0.000000e+000 0.000000e+000 0.000000e+000 0.000000e+000 0.000000e+000 0.000000e+000 0.000000e+000
3.5652173913043478e-001
41
0
119
4 0 0 1 0 2 0 3 0
4 0 1 1 1 2 1 3 1
4 0 2 1 2 2 2 3 2
4 0 3 1 3 2 3 3 3
4 0 4 1 4 2 4 3 4
4 0 5 1 5 2 5 3 5
4 0 6 1 6 2 6 3 6
4 0 7 1 7 2 7 3 7
4 0 8 1 8 2 8 3 8
4 0 9 1 9 2 9 3 9
4 0 10 1 10 2 10 3 10
4 0 11 1 11 2 11 3 11
4 0 12 1 12 2 12 3 12
4 0 13 1 13 2 13 3 13
4 0 14 1 14 2 14 3 14
4 0 15 1 15 2 15 3 15
4 0 16 1 16 2 16 3 16
4 0 17 1 17 2 17 3 17
4 0 18 1 18 2 18 3 18
4 0 19 1 19 2 19 3 19
4 0 20 1 20 2 20 3 20
4 0 21 1 21 2 21 3 21
4 0 22 1 22 2 22 3 22
4 0 23 1 23 2 23 3 23
4 0 24 1 24 2 24 3 24
4 0 25 1 25 2 25 3 25
4 0 26 1 26 2 26 3 26
4 0 27 1 27 2 27 3 27
4 0 28 1 28 2 28 3 28
4 0 29 1 29 2 29 3 29
4 0 30 1 30 2 30 3 30
4 0 31 1 31 2 31 3 31
4 0 32 1 32 2 32 3 32
4 0 33 1 33 2 33 3 33
4 0 34 1 34 2 34 3 34
4 0 35 1 35 2 35 3 35
4 0 36 1 36 2 36 3 36
4 0 37 1 37 2 37 3 37
4 0 38 1 38 2 38 3 38
4 0 39 1 39 2 39 3 39
4 0 40 1 40 2 40 3 40
4 0 41 1 41 2 41 3 41
4 0 42 1 42 2 42 3 42
4 0 43 1 43 2 43 3 43
4 0 44 1 44 2 44 3 44
4 0 45 1 45 2 45 3 45
4 0 46 1 46 2 46 3 46
4 0 47 1 47 2 47 3 47
4 0 48 1 48 2 48 3 48
4 0 49 1 49 2 49 3 49
4 0 50 1 50 2 50 3 50
4 0 51 1 51 2 51 3 51
4 0 52 1 52 2 52 3 52
4 0 53 1 53 2 53 3 53
4 0 54 1 54 2 54 3 54
4 0 55 1 55 2 55 3 55
4 0 56 1 56 2 56 3 56
4 0 57 1 57 2 57 3 57
4 0 58 1 58 2 58 3 58
4 0 59 1 59 2 59 3 59
4 0 60 1 60 2 60 3 60
4 0 61 1 61 2 61 3 61
4 0 62 1 62 2 62 3 62
4 0 63 1 63 2 63 3 63
4 0 64 1 64 2 64 3 64
4 0 65 1 65 2 65 3 65
4 0 66 1 66 2 66 3 66
4 0 67 1 67 2 67 3 67
4 0 68 1 68 2 68 3 68
4 0 69 1 69 2 69 3 69
4 0 70 1 70 2 70 3 70
4 0 71 1 71 2 71 3 71
4 0 72 1 72 2 72 3 72
4 0 73 1 73 2 73 3 73
4 0 74 1 74 2 74 3 74
4 0 75 1 75 2 75 3 75
4 0 76 1 76 2 76 3 76
4 0 77 1 77 2 77 3 77
4 0 78 1 78 2 78 3 78
4 0 79 1 79 2 79 3 79
4 0 80 1 80 2 80 3 80
4 0 81 1 81 2 81 3 81
4 0 82 1 82 2 82 3 82
4 0 83 1 83 2 83 3 83
4 0 84 1 84 2 84 3 84
4 0 85 1 85 2 85 3 85
4 0 86 1 86 2 86 3 86
4 0 87 1 87 2 87 3 87
4 0 88 1 88 2 88 3 88
4 0 89 1 89 2 89 3 89
4 0 90 1 90 2 90 3 90
4 0 91 1 91 2 91 3 91
4 0 92 1 92 2 92 3 92
4 0 93 1 93 2 93 3 93
4 0 94 1 94 2 94 3 94
4 0 95 1 95 2 95 3 95
4 0 96 1 96 2 96 3 96
4 0 97 1 97 2 97 3 97
4 0 98 1 98 2 98 3 98
4 0 99 1 99 2 99 3 99
4 0 100 1 100 2 100 3 100
4 0 101 1 101 2 101 3 101
4 0 102 1 102 2 102 3 102
4 0 103 1 103 2 103 3 103
4 0 104 1 104 2 104 3 104
4 0 105 1 105 2 105 3 105
4 0 106 1 106 2 106 3 106
4 0 107 1 107 2 107 3 107
4 0 108 1 108 2 108 3 108
4 0 109 1 109 2 109 3 109
4 0 110 1 110 2 110 3 110
4 0 111 1 111 2 111 3 111
4 0 112 1 112 2 112 3 112
4 0 113 1 113 2 113 3 113
4 0 114 1 114 2 114 3 114
4 0 115 1 115 2 115 3 115
4 0 116 1 116 2 116 3 116
4 0 117 1 117 2 117 3 117
4 0 118 1 118 2 118 3 118
