4
12
0 1
7.757358e-001 -1.079663e+000 -3.441894e+001 4.433293e-001 5.351956e-001 3.947537e+001 1.293281e-003 -6.973927e-004 9.992158e-001
0.000000e+000 0.000000e+000 0.000000e+000 0.000000e+000 0.000000e+000 0.000000e+000 0.000000e+000 0.000000e+000 0.000000e+000
0.0000000000000000e+000
0
0
0 2
-1.242575e+000 -4.450918e-001 2.457853e+001 1.237669e-001 1.786002e+000 -1.677939e+001 2.245622e-004 3.102501e-003 9.706912e-001
0.000000e+000 0.000000e+000 0.000000e+000 0.000000e+000 0.000000e+000 0.000000e+000 0.000000e+000 0.000000e+000 0.000000e+000
0.0000000000000000e+000
0
0
0 3
-1.184009e+000 -1.990986e-001 -4.662187e+001 -5.759202e+000 6.581116e+000 -7.193863e+002 -1.908253e-002 1.835444e-002 -1.158407e+000
0.000000e+000 0.000000e+000 0.000000e+000 0.000000e+000 0.000000e+000 0.000000e+000 0.000000e+000 0.000000e+000 0.000000e+000
0.0000000000000000e+000
0
0
1 0
6.291064e-001 1.233832e+000 -2.707404e+001 -4.384892e-001 9.170123e-001 -5.133199e+001 -1.120289e-003 -9.569248e-004 1.000000e+000
0.000000e+000 0.000000e+000 0.000000e+000 0.000000e+000 0.000000e+000 0.000000e+000 0.000000e+000 0.000000e+000 0.000000e+000
3.0337078651685395e-001
27
0
1 2
-1.287487e+000 4.167011e-002 -1.563371e+002 2.506299e-001 1.066903e+000 4.894098e+001 -1.194424e-003 9.211727e-004 8.701568e-001
0.000000e+000 0.000000e+000 0.000000e+000 0.000000e+000 0.000000e+000 0.000000e+000 0.000000e+000 0.000000e+000 0.000000e+000
0.0000000000000000e+000
0
0
1 3
1.822538e-001 -1.148547e+000 7.840884e+001 1.026199e+000 1.530568e-001 1.607778e+002 3.592091e-003 -3.492742e-003 1.733605e+000
0.000000e+000 0.000000e+000 0.000000e+000 0.000000e+000 0.000000e+000 0.000000e+000 0.000000e+000 0.000000e+000 0.000000e+000
0.0000000000000000e+000
0
0
2 0
-8.251328e-001 -2.348730e-001 1.683288e+001 5.725444e-002 5.598843e-001 8.228452e+000 7.892983e-006 -1.735153e-003 1.000000e+000
0.000000e+000 0.000000e+000 0.000000e+000 0.000000e+000 0.000000e+000 0.000000e+000 0.000000e+000 0.000000e+000 0.000000e+000
1.5053763440860216e-001
14
0
2 1
-6.381841e-001 1.302487e-001 -1.219853e+002 1.998049e-001 9.443528e-001 -1.721602e+001 -1.087525e-003 -8.209324e-004 1.000000e+000
0.000000e+000 0.000000e+000 0.000000e+000 0.000000e+000 0.000000e+000 0.000000e+000 0.000000e+000 0.000000e+000 0.000000e+000
1.7777777777777778e-001
16
0
2 3
2.121037e+001 4.785960e+002 -4.256142e+004 -1.794407e+000 -3.325467e+001 2.992197e+003 2.972235e-002 6.664245e-001 -5.828538e+001
0.000000e+000 0.000000e+000 0.000000e+000 0.000000e+000 0.000000e+000 0.000000e+000 0.000000e+000 0.000000e+000 0.000000e+000
0.0000000000000000e+000
0
0
3 0
-6.242840e-001 1.215333e-001 -5.034853e+001 -7.893957e-001 -5.391148e-002 6.525017e+001 -2.223738e-003 -2.856230e-003 1.000000e+000
0.000000e+000 0.000000e+000 0.000000e+000 0.000000e+000 0.000000e+000 0.000000e+000 0.000000e+000 0.000000e+000 0.000000e+000
1.7045454545454544e-001
15
0
3 1
6.853489e-001 1.423306e+000 -1.629976e+002 -9.958249e-001 2.843223e-002 4.240308e+001 -3.426383e-003 -2.891857e-003 1.000000e+000
0.000000e+000 0.000000e+000 0.000000e+000 0.000000e+000 0.000000e+000 0.000000e+000 0.000000e+000 0.000000e+000 0.000000e+000
2.6966292134831460e-001
24
0
3 2
-3.637099e-001 -3.055159e+000 1.087472e+002 -1.020028e-001 1.874925e-001 8.411030e+001 -1.351754e-003 5.857917e-004 1.000000e+000
0.000000e+000 0.000000e+000 0.000000e+000 0.000000e+000 0.000000e+000 0.000000e+000 0.000000e+000 0.000000e+000 0.000000e+000
2.0224719101123595e-001
18
0
93
4 0 0 1 0 2 0 3 0
4 0 1 1 1 2 1 3 1
4 0 2 1 2 2 2 3 2
4 0 3 1 3 2 3 3 3
4 0 4 1 4 2 4 3 4
4 0 5 1 5 2 5 3 5
4 0 6 1 6 2 6 3 6
4 0 7 1 7 2 7 3 7
4 0 8 1 8 2 8 3 8
4 0 9 1 9 2 9 3 9
4 0 10 1 10 2 10 3 10
4 0 11 1 11 2 11 3 11
4 0 12 1 12 2 12 3 12
4 0 13 1 13 2 13 3 13
4 0 14 1 14 2 14 3 14
4 0 15 1 15 2 15 3 15
4 0 16 1 16 2 16 3 16
4 0 17 1 17 2 17 3 17
4 0 18 1 18 2 18 3 18
4 0 19 1 19 2 19 3 19
4 0 20 1 20 2 20 3 20
4 0 21 1 21 2 21 3 21
4 0 22 2 22 3 22 1 22
4 0 23 1 23 2 23 3 23
4 0 24 1 24 2 24 3 24
4 0 25 1 25 2 25 3 25
4 0 26 1 26 2 26 3 26
4 0 27 1 27 2 27 3 27
4 0 28 1 28 2 28 3 28
4 0 29 1 29 2 29 3 29
4 0 30 1 30 2 30 3 30
4 0 31 1 31 2 31 3 31
4 0 32 1 32 2 32 3 32
4 0 33 1 33 2 33 3 33
4 0 34 1 34 2 34 3 34
4 0 35 1 35 2 35 3 35
4 0 36 1 36 2 36 3 36
4 0 37 1 37 2 37 3 37
4 0 38 1 38 2 38 3 38
4 0 39 1 39 2 39 3 39
4 0 40 1 40 2 40 3 40
4 0 41 1 41 2 41 3 41
4 0 42 2 42 3 42 1 42
4 0 43 2 43 3 43 1 43
4 0 44 1 44 2 44 3 44
4 0 45 1 45 2 45 3 45
4 0 46 1 46 2 46 3 46
4 0 47 1 47 2 47 3 47
4 0 48 1 48 2 48 3 48
4 0 49 1 49 2 49 3 49
4 0 50 1 50 2 50 3 50
4 0 51 1 51 2 51 3 51
4 0 52 1 52 2 52 3 52
4 0 53 1 53 2 53 3 53
4 0 54 1 54 2 54 3 54
4 0 55 1 55 2 55 3 55
4 0 56 1 56 2 56 3 56
4 0 57 1 57 2 57 3 57
4 0 58 1 58 2 58 3 58
4 0 59 1 59 2 59 3 59
4 0 60 1 60 2 60 3 60
4 0 61 1 61 2 61 3 61
4 0 62 1 62 2 62 3 62
4 0 63 1 63 2 63 3 63
4 0 64 1 64 2 64 3 64
4 0 65 1 65 2 65 3 65
4 0 66 1 66 2 66 3 66
4 0 67 1 67 2 67 3 67
4 0 68 1 68 2 68 3 68
4 0 69 1 69 2 69 3 69
4 0 70 1 70 2 70 3 70
4 0 71 1 71 2 71 3 71
4 0 72 1 72 2 72 3 72
4 0 73 1 73 2 73 3 73
4 0 74 2 74 3 74 1 74
4 0 75 1 75 2 75 3 75
4 0 76 1 76 2 76 3 76
4 0 77 1 77 2 77 3 77
4 0 78 1 78 2 78 3 78
4 0 79 1 79 2 79 3 79
4 0 80 1 80 2 80 3 80
4 0 81 1 81 2 81 3 81
4 0 82 1 82 2 82 3 82
4 0 83 1 83 2 83 3 83
4 0 84 1 84 2 84 3 84
4 0 85 1 85 2 85 3 85
4 0 86 1 86 2 86 3 86
4 0 87 1 87 2 87 3 87
4 0 88 1 88 2 88 3 88
4 0 89 1 89 2 89 3 89
4 0 90 1 90 2 90 3 90
4 0 91 1 91 2 91 3 91
4 0 92 1 92 2 92 3 92
