4
12
0 1
1.046427e+000 3.802615e-001 -1.164041e+002 -1.996206e-001 1.702775e+000 -3.855364e+001 -2.852757e-003 -4.756869e-003 1.444662e+000
0.000000e+000 0.000000e+000 0.000000e+000 0.000000e+000 0.000000e+000 0.000000e+000 0.000000e+000 0.000000e+000 0.000000e+000
0.0000000000000000e+000
0
0
0 2
-4.962988e-001 -1.248579e-002 2.487578e+001 6.148872e-001 1.074455e+000 2.563278e+001 -1.424898e-003 -3.972452e-003 8.615666e-001
0.000000e+000 0.000000e+000 0.000000e+000 0.000000e+000 0.000000e+000 0.000000e+000 0.000000e+000 0.000000e+000 0.000000e+000
0.0000000000000000e+000
0
0
0 3
-1.373127e+000 2.825986e-001 -6.627178e+001 4.239714e-001 1.392362e+000 8.471693e+001 -8.290553e-004 -1.009166e-004 9.481949e-001
0.000000e+000 0.000000e+000 0.000000e+000 0.000000e+000 0.000000e+000 0.000000e+000 0.000000e+000 0.000000e+000 0.000000e+000
0.0000000000000000e+000
0
0
1 0
1.225436e+000 2.352146e-003 9.880267e+001 2.144374e-001 6.349984e-001 3.422454e+001 3.125938e-003 2.095518e-003 1.000000e+000
0.000000e+000 0.000000e+000 0.000000e+000 0.000000e+000 0.000000e+000 0.000000e+000 0.000000e+000 0.000000e+000 0.000000e+000
5.9344262295081962e-001
543
0
1 2
-5.328483e-001 -5.330579e-002 -2.516716e+001 1.253999e+000 8.501274e-001 1.440608e+002 5.502140e-004 -3.231521e-003 6.412536e-001
0.000000e+000 0.000000e+000 0.000000e+000 0.000000e+000 0.000000e+000 0.000000e+000 0.000000e+000 0.000000e+000 0.000000e+000
0.0000000000000000e+000
0
0
1 3
-5.473099e+000 4.835914e-002 -5.552200e+002 3.869767e+000 2.255231e+000 5.119288e+002 2.437519e-002 3.218485e-003 3.651772e+000
0.000000e+000 0.000000e+000 0.000000e+000 0.000000e+000 0.000000e+000 0.000000e+000 0.000000e+000 0.000000e+000 0.000000e+000
0.0000000000000000e+000
0
0
2 0
-1.955083e+000 1.675514e-001 5.146370e+001 1.077472e+000 7.461359e-001 -5.330812e+001 1.734529e-003 3.717336e-003 1.000000e+000
0.000000e+000 0.000000e+000 0.000000e+000 0.000000e+000 0.000000e+000 0.000000e+000 0.000000e+000 0.000000e+000 0.000000e+000
4.5295404814004375e-001
414
0
2 1
-2.617376e+000 -2.991394e-001 -3.552052e+001 1.877197e+000 8.490200e-001 -1.170626e+002 1.170569e-002 4.535205e-003 1.000000e+000
0.000000e+000 0.000000e+000 0.000000e+000 0.000000e+000 0.000000e+000 0.000000e+000 0.000000e+000 0.000000e+000 0.000000e+000
5.1612903225806450e-001
464
0
2 3
5.491143e+000 -6.725360e-001 -2.531502e+002 5.397874e-001 1.985695e+000 6.424621e+001 -1.060925e-002 6.327028e-003 1.707506e+000
0.000000e+000 0.000000e+000 0.000000e+000 0.000000e+000 0.000000e+000 0.000000e+000 0.000000e+000 0.000000e+000 0.000000e+000
0.0000000000000000e+000
0
0
3 0
-6.540227e-001 1.285968e-001 -5.720088e+001 2.324367e-001 6.678801e-001 -4.342648e+001 -5.471072e-004 1.835214e-004 1.000000e+000
0.000000e+000 0.000000e+000 0.000000e+000 0.000000e+000 0.000000e+000 0.000000e+000 0.000000e+000 0.000000e+000 0.000000e+000
7.3446327683615820e-001
650
0
3 1
-5.257644e-001 1.567060e-001 -1.019059e+002 1.319325e-001 5.149876e-001 -5.213507e+001 3.393142e-003 -1.499879e-003 1.000000e+000
0.000000e+000 0.000000e+000 0.000000e+000 0.000000e+000 0.000000e+000 0.000000e+000 0.000000e+000 0.000000e+000 0.000000e+000
6.8623024830699775e-001
608
0
3 2
2.648585e-001 -4.023599e-002 4.078112e+001 -1.423031e-001 5.938197e-001 -4.344039e+001 2.172939e-003 -2.450351e-003 1.000000e+000
0.000000e+000 0.000000e+000 0.000000e+000 0.000000e+000 0.000000e+000 0.000000e+000 0.000000e+000 0.000000e+000 0.000000e+000
6.7618002195389681e-001
616
0
921
4 0 0 1 0 2 0 3 0
4 0 1 1 1 2 1 3 1
4 0 2 1 2 2 2 3 2
4 0 3 1 3 2 3 3 3
4 0 4 1 4 2 4 3 4
4 0 5 1 5 2 5 3 5
4 0 6 1 6 2 6 3 6
4 0 7 1 7 2 7 3 7
4 0 8 1 8 2 8 3 8
4 0 9 1 9 2 9 3 9
4 0 10 1 10 2 10 3 10
4 0 11 1 11 2 11 3 11
4 0 12 1 12 2 12 3 12
4 0 13 1 13 2 13 3 13
4 0 14 1 14 2 14 3 14
4 0 15 1 15 2 15 3 15
4 0 16 1 16 2 16 3 16
4 0 17 1 17 2 17 3 17
4 0 18 1 18 2 18 3 18
4 0 19 1 19 2 19 3 19
4 0 20 1 20 2 20 3 20
4 0 21 1 21 3 21 2 21
4 0 22 1 22 2 22 3 22
4 0 23 1 23 2 23 3 23
4 0 24 1 24 2 24 3 24
4 0 25 1 25 2 25 3 25
4 0 26 1 26 2 26 3 26
4 0 27 1 27 2 27 3 27
4 0 28 1 28 2 28 3 28
4 0 29 1 29 2 29 3 29
4 0 30 1 30 2 30 3 30
4 0 31 1 31 2 31 3 31
4 0 32 1 32 2 32 3 32
4 0 33 1 33 2 33 3 33
4 0 34 1 34 2 34 3 34
4 0 35 1 35 2 35 3 35
4 0 36 1 36 2 36 3 36
4 0 37 1 37 2 37 3 37
4 0 38 1 38 2 38 3 38
4 0 39 2 39 3 39 1 39
4 0 40 1 40 2 40 3 40
4 0 41 1 41 2 41 3 41
4 0 42 1 42 2 42 3 42
4 0 43 1 43 2 43 3 43
4 0 44 1 44 2 44 3 44
4 0 45 1 45 2 45 3 45
4 0 46 1 46 2 46 3 46
4 0 47 1 47 2 47 3 47
4 0 48 1 48 2 48 3 48
4 0 49 1 49 2 49 3 49
4 0 50 1 50 2 50 3 50
4 0 51 1 51 2 51 3 51
4 0 52 1 52 2 52 3 52
4 0 53 1 53 2 53 3 53
4 0 54 1 54 2 54 3 54
4 0 55 1 55 2 55 3 55
4 0 56 1 56 2 56 3 56
4 0 57 1 57 2 57 3 57
4 0 58 1 58 2 58 3 58
4 0 59 1 59 2 59 3 59
4 0 60 1 60 2 60 3 60
4 0 61 1 61 2 61 3 61
4 0 62 1 62 2 62 3 62
4 0 63 1 63 2 63 3 63
4 0 64 1 64 2 64 3 64
4 0 65 1 65 2 65 3 65
4 0 66 1 66 2 66 3 66
4 0 67 1 67 2 67 3 67
4 0 68 1 68 2 68 3 68
4 0 69 1 69 2 69 3 69
4 0 70 1 70 2 70 3 70
4 0 71 1 71 2 71 3 71
4 0 72 1 72 3 72 2 72
4 0 73 1 73 3 73 2 73
4 0 74 1 74 2 74 3 74
4 0 75 1 75 2 75 3 75
4 0 76 1 76 2 76 3 76
4 0 77 1 77 2 77 3 77
4 0 78 1 78 2 78 3 78
4 0 79 1 79 2 79 3 79
4 0 80 1 80 2 80 3 80
4 0 81 1 81 2 81 3 81
4 0 82 1 82 2 82 3 82
4 0 83 1 83 2 83 3 83
4 0 84 1 84 2 84 3 84
4 0 85 1 85 2 85 3 85
4 0 86 1 86 2 86 3 86
4 0 87 1 87 2 87 3 87
4 0 88 1 88 2 88 3 88
4 0 89 1 89 2 89 3 89
4 0 90 1 90 2 90 3 90
4 0 91 2 91 3 91 1 91
4 0 92 1 92 2 92 3 92
4 0 93 1 93 2 93 3 93
4 0 94 1 94 2 94 3 94
4 0 95 1 95 2 95 3 95
4 0 96 1 96 3 96 2 96
4 0 97 1 97 2 97 3 97
4 0 98 1 98 2 98 3 98
4 0 99 1 99 2 99 3 99
4 0 100 1 100 2 100 3 100
4 0 101 1 101 2 101 3 101
4 0 102 3 102 1 102 2 102
4 0 103 1 103 3 103 2 103
4 0 104 1 104 2 104 3 104
4 0 105 1 105 2 105 3 105
4 0 106 2 106 3 106 1 106
4 0 107 1 107 2 107 3 107
4 0 108 1 108 2 108 3 108
4 0 109 1 109 2 109 3 109
4 0 110 1 110 2 110 3 110
4 0 111 1 111 2 111 3 111
4 0 112 1 112 2 112 3 112
4 0 113 1 113 2 113 3 113
4 0 114 1 114 2 114 3 114
4 0 115 1 115 2 115 3 115
4 0 116 1 116 2 116 3 116
4 0 117 1 117 2 117 3 117
4 0 118 1 118 2 118 3 118
4 0 119 1 119 2 119 3 119
4 0 120 1 120 2 120 3 120
4 0 121 1 121 2 121 3 121
4 0 122 1 122 2 122 3 122
4 0 123 1 123 2 123 3 123
4 0 124 1 124 2 124 3 124
4 0 125 1 125 2 125 3 125
4 0 126 1 126 2 126 3 126
4 0 127 1 127 3 127 2 127
4 0 128 1 128 2 128 3 128
4 0 129 1 129 2 129 3 129
4 0 130 1 130 3 130 2 130
4 0 131 1 131 2 131 3 131
4 0 132 1 132 2 132 3 132
4 0 133 1 133 2 133 3 133
4 0 134 1 134 2 134 3 134
4 0 135 1 135 2 135 3 135
4 0 136 1 136 2 136 3 136
4 0 137 1 137 2 137 3 137
4 0 138 1 138 2 138 3 138
4 0 139 1 139 2 139 3 139
4 0 140 1 140 2 140 3 140
4 0 141 1 141 2 141 3 141
4 0 142 1 142 2 142 3 142
4 0 143 1 143 2 143 3 143
4 0 144 1 144 2 144 3 144
4 0 145 1 145 2 145 3 145
4 0 146 1 146 2 146 3 146
4 0 147 1 147 2 147 3 147
4 0 148 1 148 2 148 3 148
4 0 149 1 149 2 149 3 149
4 0 150 1 150 2 150 3 150
4 0 151 1 151 2 151 3 151
4 0 152 1 152 2 152 3 152
4 0 153 1 153 2 153 3 153
4 0 154 1 154 2 154 3 154
4 0 155 1 155 2 155 3 155
4 0 156 1 156 2 156 3 156
4 0 157 1 157 2 157 3 157
4 0 158 1 158 2 158 3 158
4 0 159 1 159 2 159 3 159
4 0 160 1 160 2 160 3 160
4 0 161 1 161 2 161 3 161
4 0 162 1 162 2 162 3 162
4 0 163 1 163 2 163 3 163
4 0 164 1 164 2 164 3 164
4 0 165 2 165 3 165 1 165
4 0 166 1 166 2 166 3 166
4 0 167 1 167 2 167 3 167
4 0 168 1 168 2 168 3 168
4 0 169 1 169 2 169 3 169
4 0 170 1 170 2 170 3 170
4 0 171 1 171 2 171 3 171
4 0 172 1 172 2 172 3 172
4 0 173 1 173 2 173 3 173
4 0 174 1 174 2 174 3 174
4 0 175 1 175 2 175 3 175
4 0 176 1 176 2 176 3 176
4 0 177 1 177 2 177 3 177
4 0 178 1 178 2 178 3 178
4 0 179 1 179 2 179 3 179
4 0 180 1 180 2 180 3 180
4 0 181 1 181 2 181 3 181
4 0 182 1 182 2 182 3 182
4 0 183 1 183 2 183 3 183
4 0 184 1 184 2 184 3 184
4 0 185 1 185 2 185 3 185
4 0 186 1 186 2 186 3 186
4 0 187 1 187 2 187 3 187
4 0 188 1 188 2 188 3 188
4 0 189 1 189 2 189 3 189
4 0 190 1 190 2 190 3 190
4 0 191 1 191 2 191 3 191
4 0 192 1 192 2 192 3 192
4 0 193 1 193 2 193 3 193
4 0 194 1 194 2 194 3 194
4 0 195 1 195 2 195 3 195
4 0 196 1 196 2 196 3 196
4 0 197 1 197 2 197 3 197
4 0 198 1 198 2 198 3 198
4 0 199 1 199 2 199 3 199
4 0 200 1 200 2 200 3 200
4 0 201 1 201 2 201 3 201
4 0 202 1 202 2 202 3 202
4 0 203 1 203 2 203 3 203
4 0 204 1 204 2 204 3 204
4 0 205 1 205 2 205 3 205
4 0 206 1 206 2 206 3 206
4 0 207 1 207 2 207 3 207
4 0 208 1 208 2 208 3 208
4 0 209 1 209 2 209 3 209
4 0 210 1 210 2 210 3 210
4 0 211 1 211 2 211 3 211
4 0 212 1 212 2 212 3 212
4 0 213 1 213 2 213 3 213
4 0 214 1 214 2 214 3 214
4 0 215 1 215 2 215 3 215
4 0 216 1 216 2 216 3 216
4 0 217 1 217 2 217 3 217
4 0 218 1 218 2 218 3 218
4 0 219 1 219 2 219 3 219
4 0 220 1 220 2 220 3 220
4 0 221 1 221 2 221 3 221
4 0 222 1 222 2 222 3 222
4 0 223 1 223 2 223 3 223
4 0 224 1 224 2 224 3 224
4 0 225 1 225 2 225 3 225
4 0 226 1 226 2 226 3 226
4 0 227 1 227 2 227 3 227
4 0 228 1 228 2 228 3 228
4 0 229 1 229 2 229 3 229
4 0 230 1 230 2 230 3 230
4 0 231 1 231 2 231 3 231
4 0 232 1 232 2 232 3 232
4 0 233 1 233 2 233 3 233
4 0 234 1 234 2 234 3 234
4 0 235 1 235 2 235 3 235
4 0 236 1 236 2 236 3 236
4 0 237 1 237 2 237 3 237
4 0 238 1 238 2 238 3 238
4 0 239 1 239 2 239 3 239
4 0 240 1 240 2 240 3 240
4 0 242 1 242 2 242 3 242
4 0 243 1 243 2 243 3 243
4 0 244 1 244 2 244 3 244
4 0 245 1 245 2 245 3 245
4 0 246 1 246 2 246 3 246
4 0 247 1 247 2 247 3 247
4 0 248 1 248 2 248 3 248
4 0 249 1 249 2 249 3 249
4 0 250 1 250 2 250 3 250
4 0 251 1 251 2 251 3 251
4 0 252 1 252 2 252 3 252
4 0 253 1 253 2 253 3 253
4 0 254 1 254 2 254 3 254
4 0 255 1 255 2 255 3 255
4 0 256 1 256 2 256 3 256
4 0 257 1 257 2 257 3 257
4 0 258 1 258 2 258 3 258
4 0 259 1 259 2 259 3 259
4 0 260 1 260 2 260 3 260
4 0 261 1 261 2 261 3 261
4 0 262 1 262 2 262 3 262
4 0 263 1 263 2 263 3 263
4 0 264 1 264 2 264 3 264
4 0 265 1 265 2 265 3 265
4 0 266 1 266 2 266 3 266
4 0 267 1 267 2 267 3 267
4 0 268 1 268 2 268 3 268
4 0 269 1 269 2 269 3 269
4 0 270 1 270 2 270 3 270
4 0 271 1 271 2 271 3 271
4 0 272 1 272 2 272 3 272
4 0 273 1 273 2 273 3 273
4 0 274 1 274 2 274 3 274
4 0 275 1 275 2 275 3 275
4 0 276 1 276 2 276 3 276
4 0 277 1 277 2 277 3 277
4 0 278 1 278 2 278 3 278
4 0 279 1 279 2 279 3 279
4 0 280 1 280 2 280 3 280
4 0 281 1 281 2 281 3 281
4 0 282 1 282 2 282 3 282
4 0 283 1 283 2 283 3 283
4 0 284 1 284 2 284 3 284
4 0 285 1 285 2 285 3 285
4 0 286 1 286 2 286 3 286
4 0 287 1 287 2 287 3 287
4 0 288 1 288 2 288 3 288
4 0 289 1 289 2 289 3 289
4 0 290 1 290 2 290 3 290
4 0 291 1 291 2 291 3 291
4 0 292 1 292 2 292 3 292
4 0 293 1 293 2 293 3 293
4 0 294 1 294 2 294 3 294
4 0 295 1 295 2 295 3 295
4 0 296 1 296 2 296 3 296
4 0 297 1 297 2 297 3 297
4 0 298 1 298 2 298 3 298
4 0 299 1 299 2 299 3 299
4 0 300 1 300 2 300 3 300
4 0 301 1 301 2 301 3 301
4 0 302 1 302 2 302 3 302
4 0 303 1 303 2 303 3 303
4 0 304 1 304 2 304 3 304
4 0 305 1 305 2 305 3 305
4 0 306 1 306 2 306 3 306
4 0 307 1 307 2 307 3 307
4 0 308 1 308 2 308 3 308
4 0 309 1 309 2 309 3 309
4 0 310 1 310 2 310 3 310
4 0 311 1 311 2 311 3 311
4 0 312 1 312 2 312 3 312
4 0 313 1 313 2 313 3 313
4 0 314 1 314 2 314 3 314
4 0 315 1 315 2 315 3 315
4 0 316 1 316 2 316 3 316
4 0 317 1 317 2 317 3 317
4 0 318 1 318 2 318 3 318
4 0 319 1 319 2 319 3 319
4 0 320 1 320 2 320 3 320
4 0 321 1 321 2 321 3 321
4 0 322 1 322 2 322 3 322
4 0 323 1 323 2 323 3 323
4 0 324 1 324 2 324 3 324
4 0 325 1 325 2 325 3 325
4 0 326 1 326 2 326 3 326
4 0 327 1 327 2 327 3 327
4 0 328 1 328 2 328 3 328
4 0 329 1 329 2 329 3 329
4 0 330 1 330 2 330 3 330
4 0 331 1 331 2 331 3 331
4 0 332 1 332 2 332 3 332
4 0 333 1 333 2 333 3 333
3 0 334 1 334 2 334
4 0 335 1 335 2 335 3 335
4 0 336 1 336 2 336 3 336
4 0 337 1 337 2 337 3 337
4 0 338 1 338 2 338 3 338
4 0 339 1 339 2 339 3 339
4 0 340 1 340 2 340 3 340
4 0 341 1 341 2 341 3 341
4 0 342 1 342 2 342 3 342
4 0 343 1 343 2 343 3 343
4 0 344 1 344 2 344 3 344
4 0 345 1 345 2 345 3 345
4 0 346 1 346 2 346 3 346
4 0 347 1 347 2 347 3 347
4 0 348 1 348 2 348 3 348
4 0 349 1 349 2 349 3 349
4 0 350 1 350 2 350 3 350
4 0 351 1 351 2 351 3 351
4 0 352 1 352 2 352 3 352
4 0 353 1 353 2 353 3 353
4 0 354 1 354 2 354 3 354
4 0 355 1 355 2 355 3 355
4 0 356 1 356 2 356 3 356
4 0 357 1 357 2 357 3 357
4 0 358 1 358 2 358 3 358
4 0 359 1 359 2 359 3 359
4 0 360 1 360 2 360 3 360
4 0 361 1 361 2 361 3 361
4 0 362 1 362 2 362 3 362
4 0 363 1 363 2 363 3 363
4 0 364 1 364 2 364 3 364
4 0 365 1 365 2 365 3 365
4 0 366 1 366 2 366 3 366
4 0 367 1 367 2 367 3 367
4 0 368 1 368 2 368 3 368
4 0 369 1 369 2 369 3 369
4 0 370 1 370 2 370 3 370
4 0 371 1 371 2 371 3 371
4 0 372 1 372 2 372 3 372
4 0 373 1 373 2 373 3 373
4 0 374 1 374 2 374 3 374
4 0 375 1 375 2 375 3 375
4 0 376 1 376 2 376 3 376
4 0 377 1 377 2 377 3 377
4 0 378 1 378 2 378 3 378
4 0 379 1 379 2 379 3 379
4 0 380 1 380 2 380 3 380
4 0 381 1 381 2 381 3 381
4 0 382 1 382 2 382 3 382
4 0 383 1 383 2 383 3 383
4 0 384 1 384 2 384 3 384
4 0 385 1 385 2 385 3 385
4 0 386 1 386 2 386 3 386
4 0 387 1 387 2 387 3 387
4 0 388 1 388 2 388 3 388
4 0 389 1 389 2 389 3 389
4 0 390 1 390 2 390 3 390
4 0 391 1 391 2 391 3 391
4 0 392 1 392 2 392 3 392
4 0 393 1 393 2 393 3 393
4 0 394 1 394 2 394 3 394
4 0 395 1 395 2 395 3 395
4 0 396 1 396 2 396 3 396
4 0 397 1 397 2 397 3 397
4 0 398 1 398 2 398 3 398
4 0 399 1 399 2 399 3 399
4 0 400 1 400 2 400 3 400
4 0 401 1 401 2 401 3 401
4 0 402 1 402 2 402 3 402
4 0 403 1 403 2 403 3 403
4 0 404 1 404 2 404 3 404
4 0 405 1 405 2 405 3 405
4 0 406 1 406 2 406 3 406
4 0 407 1 407 2 407 3 407
4 0 408 1 408 2 408 3 408
4 0 409 1 409 2 409 3 409
4 0 410 1 410 2 410 3 410
4 0 411 1 411 2 411 3 411
4 0 412 1 412 2 412 3 412
4 0 413 1 413 2 413 3 413
4 0 414 1 414 2 414 3 414
4 0 415 1 415 2 415 3 415
4 0 416 1 416 2 416 3 416
4 0 417 1 417 2 417 3 417
4 0 418 1 418 2 418 3 418
4 0 419 1 419 2 419 3 419
4 0 420 1 420 2 420 3 420
4 0 421 1 421 2 421 3 421
4 0 422 1 422 2 422 3 422
4 0 423 1 423 2 423 3 423
4 0 424 1 424 2 424 3 424
4 0 425 1 425 2 425 3 425
4 0 426 1 426 2 426 3 426
4 0 427 1 427 2 427 3 427
4 0 428 1 428 2 428 3 428
4 0 429 1 429 2 429 3 429
4 0 430 1 430 2 430 3 430
4 0 431 1 431 2 431 3 431
4 0 432 1 432 2 432 3 432
4 0 433 1 433 2 433 3 433
4 0 434 1 434 2 434 3 434
4 0 435 1 435 2 435 3 435
4 0 436 1 436 2 436 3 436
4 0 437 1 437 2 437 3 437
4 0 438 1 438 2 438 3 438
4 0 439 1 439 2 439 3 439
4 0 440 1 440 2 440 3 440
4 0 441 1 441 2 441 3 441
4 0 442 1 442 2 442 3 442
4 0 443 2 443 3 443 1 443
4 0 444 1 444 2 444 3 444
4 0 445 1 445 2 445 3 445
4 0 446 1 446 2 446 3 446
4 0 447 1 447 2 447 3 447
4 0 448 1 448 2 448 3 448
4 0 449 1 449 2 449 3 449
4 0 450 1 450 2 450 3 450
4 0 451 1 451 2 451 3 451
4 0 452 1 452 2 452 3 452
4 0 453 1 453 2 453 3 453
4 0 454 1 454 2 454 3 454
4 0 455 1 455 2 455 3 455
4 0 456 1 456 2 456 3 456
4 0 457 1 457 2 457 3 457
4 0 458 1 458 2 458 3 458
4 0 459 1 459 2 459 3 459
4 0 460 1 460 2 460 3 460
4 0 461 1 461 2 461 3 461
4 0 462 1 462 2 462 3 462
4 0 463 1 463 2 463 3 463
4 0 464 1 464 2 464 3 464
4 0 465 1 465 2 465 3 465
4 0 466 1 466 2 466 3 466
4 0 467 1 467 2 467 3 467
4 0 468 1 468 2 468 3 468
4 0 469 1 469 2 469 3 469
4 0 470 1 470 2 470 3 470
4 0 471 1 471 2 471 3 471
4 0 472 1 472 2 472 3 472
4 0 473 1 473 2 473 3 473
4 0 474 1 474 2 474 3 474
4 0 475 1 475 2 475 3 475
4 0 476 1 476 2 476 3 476
4 0 477 1 477 2 477 3 477
4 0 478 1 478 2 478 3 478
4 0 479 1 479 2 479 3 479
4 0 480 1 480 2 480 3 480
4 0 481 1 481 2 481 3 481
4 0 482 1 482 2 482 3 482
4 0 483 1 483 2 483 3 483
4 0 484 1 484 2 484 3 484
4 0 485 1 485 2 485 3 485
4 0 486 1 486 2 486 3 486
4 0 487 1 487 2 487 3 487
4 0 488 1 488 2 488 3 488
4 0 489 1 489 2 489 3 489
4 0 490 1 490 2 490 3 490
4 0 491 1 491 2 491 3 491
4 0 492 1 492 2 492 3 492
4 0 493 1 493 2 493 3 493
4 0 494 1 494 2 494 3 494
4 0 495 1 495 2 495 3 495
4 0 496 1 496 2 496 3 496
4 0 497 1 497 2 497 3 497
4 0 498 1 498 2 498 3 498
4 0 499 1 499 2 499 3 499
4 0 500 1 500 2 500 3 500
4 0 501 1 501 2 501 3 501
4 0 502 1 502 2 502 3 502
4 0 503 1 503 2 503 3 503
4 0 504 1 504 2 504 3 504
4 0 505 1 505 2 505 3 505
4 0 506 1 506 2 506 3 506
4 0 507 1 507 2 507 3 507
4 0 508 1 508 2 508 3 508
4 0 509 1 509 2 509 3 509
4 0 510 1 510 2 510 3 510
4 0 511 1 511 2 511 3 511
4 0 512 1 512 2 512 3 512
4 0 513 1 513 2 513 3 513
4 0 514 1 514 2 514 3 514
4 0 515 1 515 2 515 3 515
4 0 516 1 516 2 516 3 516
4 0 517 1 517 2 517 3 517
4 0 518 1 518 2 518 3 518
4 0 519 1 519 2 519 3 519
4 0 520 1 520 2 520 3 520
4 0 521 1 521 2 521 3 521
4 0 522 1 522 2 522 3 522
4 0 523 1 523 2 523 3 523
4 0 524 1 524 2 524 3 524
4 0 525 1 525 2 525 3 525
4 0 526 1 526 2 526 3 526
4 0 527 1 527 2 527 3 527
4 0 528 1 528 2 528 3 528
4 0 529 1 529 2 529 3 529
4 0 530 1 530 2 530 3 530
4 0 531 1 531 2 531 3 531
4 0 532 1 532 2 532 3 532
4 0 533 1 533 2 533 3 533
4 0 534 1 534 2 534 3 534
4 0 535 1 535 2 535 3 535
4 0 536 1 536 2 536 3 536
4 0 537 1 537 2 537 3 537
4 0 538 1 538 2 538 3 538
4 0 539 1 539 2 539 3 539
4 0 540 1 540 2 540 3 540
4 0 541 1 541 2 541 3 541
4 0 542 1 542 2 542 3 542
4 0 543 1 543 2 543 3 543
4 0 544 1 544 2 544 3 544
4 0 545 1 545 2 545 3 545
4 0 546 1 546 2 546 3 546
4 0 547 1 547 2 547 3 547
4 0 548 1 548 2 548 3 548
4 0 549 1 549 2 549 3 549
4 0 550 1 550 2 550 3 550
4 0 551 1 551 2 551 3 551
4 0 552 1 552 2 552 3 552
4 0 553 1 553 2 553 3 553
4 0 554 1 554 2 554 3 554
4 0 555 1 555 2 555 3 555
4 0 556 1 556 2 556 3 556
4 0 557 1 557 2 557 3 557
4 0 558 1 558 2 558 3 558
4 0 559 1 559 2 559 3 559
4 0 560 1 560 2 560 3 560
4 0 561 1 561 2 561 3 561
4 0 562 1 562 2 562 3 562
4 0 563 1 563 2 563 3 563
4 0 564 1 564 2 564 3 564
4 0 565 1 565 2 565 3 565
4 0 566 1 566 2 566 3 566
4 0 567 1 567 2 567 3 567
4 0 568 1 568 2 568 3 568
4 0 569 1 569 2 569 3 569
4 0 570 1 570 2 570 3 570
4 0 571 1 571 2 571 3 571
4 0 572 1 572 2 572 3 572
4 0 573 1 573 2 573 3 573
4 0 574 1 574 2 574 3 574
4 0 575 1 575 2 575 3 575
4 0 576 1 576 2 576 3 576
4 0 577 1 577 2 577 3 577
4 0 578 1 578 2 578 3 578
4 0 579 1 579 2 579 3 579
4 0 580 1 580 2 580 3 580
4 0 581 1 581 2 581 3 581
4 0 582 1 582 2 582 3 582
4 0 583 1 583 2 583 3 583
4 0 584 1 584 2 584 3 584
4 0 585 1 585 2 585 3 585
4 0 586 1 586 2 586 3 586
4 0 587 1 587 2 587 3 587
4 0 588 1 588 2 588 3 588
4 0 589 1 589 2 589 3 589
4 0 590 1 590 2 590 3 590
4 0 591 1 591 2 591 3 591
4 0 592 1 592 2 592 3 592
4 0 593 1 593 2 593 3 593
4 0 594 1 594 2 594 3 594
4 0 595 1 595 2 595 3 595
4 0 596 1 596 2 596 3 596
4 0 597 1 597 2 597 3 597
4 0 598 1 598 2 598 3 598
4 0 599 1 599 2 599 3 599
4 0 600 1 600 2 600 3 600
4 0 601 1 601 2 601 3 601
4 0 602 1 602 2 602 3 602
4 0 603 1 603 2 603 3 603
4 0 604 1 604 2 604 3 604
4 0 605 1 605 2 605 3 605
4 0 606 1 606 2 606 3 606
4 0 607 1 607 2 607 3 607
4 0 608 1 608 2 608 3 608
4 0 609 1 609 2 609 3 609
4 0 610 1 610 2 610 3 610
4 0 611 1 611 2 611 3 611
4 0 612 1 612 2 612 3 612
4 0 613 1 613 2 613 3 613
4 0 614 1 614 2 614 3 614
4 0 615 1 615 2 615 3 615
4 0 616 1 616 2 616 3 616
4 0 617 1 617 2 617 3 617
4 0 618 1 618 2 618 3 618
4 0 619 1 619 2 619 3 619
4 0 620 1 620 2 620 3 620
4 0 621 1 621 2 621 3 621
4 0 622 1 622 2 622 3 622
4 0 623 1 623 2 623 3 623
4 0 624 1 624 2 624 3 624
4 0 625 1 625 2 625 3 625
4 0 626 1 626 2 626 3 626
4 0 627 1 627 2 627 3 627
4 0 628 1 628 2 628 3 628
4 0 629 1 629 2 629 3 629
4 0 630 1 630 2 630 3 630
4 0 631 1 631 2 631 3 631
4 0 632 1 632 2 632 3 632
4 0 633 1 633 2 633 3 633
4 0 634 1 634 2 634 3 634
4 0 635 1 635 2 635 3 635
4 0 636 1 636 2 636 3 636
4 0 637 1 637 2 637 3 637
4 0 638 1 638 2 638 3 638
4 0 639 1 639 2 639 3 639
4 0 640 1 640 2 640 3 640
4 0 641 1 641 2 641 3 641
4 0 642 1 642 2 642 3 642
4 0 643 1 643 2 643 3 643
4 0 644 1 644 2 644 3 644
4 0 645 1 645 2 645 3 645
4 0 646 1 646 2 646 3 646
4 0 647 1 647 2 647 3 647
4 0 648 1 648 2 648 3 648
4 0 649 1 649 2 649 3 649
4 0 650 1 650 2 650 3 650
4 0 651 1 651 2 651 3 651
4 0 652 1 652 2 652 3 652
4 0 653 1 653 2 653 3 653
4 0 654 1 654 2 654 3 654
4 0 655 1 655 2 655 3 655
4 0 656 1 656 2 656 3 656
4 0 657 1 657 2 657 3 657
4 0 658 1 658 2 658 3 658
4 0 659 1 659 2 659 3 659
4 0 660 1 660 2 660 3 660
4 0 661 1 661 2 661 3 661
4 0 662 1 662 2 662 3 662
4 0 663 1 663 2 663 3 663
4 0 664 1 664 2 664 3 664
4 0 665 1 665 2 665 3 665
4 0 666 1 666 2 666 3 666
4 0 667 1 667 2 667 3 667
4 0 668 1 668 2 668 3 668
4 0 669 1 669 2 669 3 669
4 0 670 1 670 2 670 3 670
4 0 671 1 671 2 671 3 671
4 0 672 1 672 2 672 3 672
4 0 673 1 673 2 673 3 673
4 0 674 1 674 2 674 3 674
4 0 675 1 675 2 675 3 675
4 0 676 1 676 2 676 3 676
4 0 677 1 677 2 677 3 677
4 0 678 1 678 2 678 3 678
4 0 679 1 679 2 679 3 679
4 0 680 1 680 2 680 3 680
4 0 681 1 681 2 681 3 681
4 0 682 1 682 2 682 3 682
4 0 683 1 683 2 683 3 683
4 0 684 1 684 2 684 3 684
4 0 685 1 685 2 685 3 685
4 0 686 1 686 2 686 3 686
4 0 687 1 687 2 687 3 687
4 0 688 1 688 2 688 3 688
4 0 689 1 689 2 689 3 689
4 0 690 1 690 2 690 3 690
4 0 691 1 691 2 691 3 691
4 0 692 1 692 2 692 3 692
4 0 693 1 693 2 693 3 693
4 0 694 1 694 2 694 3 694
4 0 695 1 695 2 695 3 695
4 0 696 1 696 2 696 3 696
4 0 697 1 697 2 697 3 697
4 0 698 1 698 2 698 3 698
4 0 699 1 699 2 699 3 699
4 0 700 1 700 2 700 3 700
4 0 701 1 701 2 701 3 701
4 0 702 1 702 2 702 3 702
4 0 703 1 703 2 703 3 703
4 0 704 1 704 2 704 3 704
4 0 705 1 705 2 705 3 705
4 0 706 1 706 2 706 3 706
4 0 707 1 707 2 707 3 707
4 0 708 1 708 2 708 3 708
4 0 709 1 709 2 709 3 709
4 0 710 1 710 2 710 3 710
4 0 711 1 711 2 711 3 711
4 0 712 1 712 2 712 3 712
4 0 713 1 713 2 713 3 713
4 0 714 1 714 2 714 3 714
4 0 715 1 715 2 715 3 715
4 0 716 1 716 2 716 3 716
4 0 717 1 717 2 717 3 717
4 0 718 1 718 2 718 3 718
4 0 719 1 719 2 719 3 719
4 0 720 1 720 2 720 3 720
4 0 721 1 721 2 721 3 721
4 0 722 1 722 2 722 3 722
4 0 723 1 723 2 723 3 723
4 0 724 1 724 2 724 3 724
4 0 725 1 725 2 725 3 725
4 0 726 1 726 2 726 3 726
4 0 727 1 727 2 727 3 727
4 0 728 1 728 2 728 3 728
4 0 729 1 729 2 729 3 729
4 0 730 1 730 2 730 3 730
4 0 731 1 731 2 731 3 731
4 0 732 1 732 2 732 3 732
4 0 733 1 733 2 733 3 733
4 0 734 1 734 2 734 3 734
4 0 735 1 735 2 735 3 735
4 0 736 1 736 2 736 3 736
4 0 737 1 737 2 737 3 737
4 0 738 1 738 2 738 3 738
4 0 739 1 739 2 739 3 739
4 0 740 1 740 2 740 3 740
4 0 741 1 741 2 741 3 741
4 0 742 1 742 2 742 3 742
4 0 743 1 743 2 743 3 743
4 0 744 1 744 2 744 3 744
4 0 745 1 745 2 745 3 745
4 0 746 1 746 2 746 3 746
4 0 747 1 747 2 747 3 747
4 0 748 1 748 2 748 3 748
4 0 749 1 749 2 749 3 749
4 0 750 1 750 2 750 3 750
4 0 751 1 751 2 751 3 751
4 0 752 1 752 2 752 3 752
4 0 753 1 753 2 753 3 753
4 0 754 1 754 2 754 3 754
4 0 755 1 755 2 755 3 755
4 0 756 1 756 2 756 3 756
4 0 757 1 757 2 757 3 757
4 0 758 1 758 2 758 3 758
4 0 759 1 759 2 759 3 759
4 0 760 1 760 2 760 3 760
4 0 761 1 761 2 761 3 761
4 0 762 1 762 2 762 3 762
4 0 763 1 763 2 763 3 763
4 0 764 1 764 2 764 3 764
4 0 765 1 765 2 765 3 765
4 0 766 1 766 2 766 3 766
4 0 767 1 767 2 767 3 767
4 0 768 1 768 2 768 3 768
4 0 769 1 769 2 769 3 769
4 0 770 1 770 2 770 3 770
4 0 771 1 771 2 771 3 771
4 0 772 1 772 2 772 3 772
4 0 773 1 773 2 773 3 773
4 0 774 1 774 2 774 3 774
4 0 775 1 775 2 775 3 775
4 0 776 1 776 2 776 3 776
4 0 777 1 777 2 777 3 777
4 0 778 1 778 2 778 3 778
4 0 779 1 779 2 779 3 779
4 0 780 1 780 2 780 3 780
4 0 781 1 781 2 781 3 781
4 0 782 1 782 2 782 3 782
4 0 783 1 783 2 783 3 783
4 0 784 1 784 2 784 3 784
4 0 785 1 785 2 785 3 785
4 0 786 1 786 2 786 3 786
4 0 787 1 787 2 787 3 787
4 0 788 1 788 2 788 3 788
4 0 789 1 789 2 789 3 789
4 0 790 1 790 2 790 3 790
4 0 791 1 791 2 791 3 791
4 0 792 1 792 2 792 3 792
4 0 793 1 793 2 793 3 793
4 0 794 1 794 2 794 3 794
4 0 795 1 795 2 795 3 795
4 0 796 1 796 2 796 3 796
4 0 797 1 797 2 797 3 797
4 0 798 1 798 2 798 3 798
4 0 799 1 799 2 799 3 799
4 0 800 1 800 2 800 3 800
4 0 801 1 801 2 801 3 801
4 0 802 1 802 2 802 3 802
4 0 803 1 803 2 803 3 803
4 0 804 1 804 2 804 3 804
4 0 805 1 805 2 805 3 805
4 0 806 1 806 2 806 3 806
4 0 807 1 807 2 807 3 807
4 0 808 1 808 2 808 3 808
4 0 809 1 809 2 809 3 809
4 0 810 1 810 2 810 3 810
4 0 811 1 811 2 811 3 811
4 0 812 1 812 2 812 3 812
4 0 813 1 813 2 813 3 813
4 0 814 1 814 2 814 3 814
4 0 815 1 815 2 815 3 815
4 0 816 1 816 2 816 3 816
4 0 817 1 817 2 817 3 817
4 0 818 1 818 2 818 3 818
4 0 819 1 819 2 819 3 819
4 0 820 1 820 2 820 3 820
4 0 821 1 821 2 821 3 821
4 0 822 1 822 2 822 3 822
4 0 823 1 823 2 823 3 823
4 0 824 1 824 2 824 3 824
4 0 825 1 825 2 825 3 825
4 0 826 1 826 2 826 3 826
4 0 827 1 827 2 827 3 827
4 0 828 1 828 2 828 3 828
4 0 829 1 829 2 829 3 829
4 0 830 1 830 2 830 3 830
4 0 831 1 831 2 831 3 831
4 0 832 1 832 2 832 3 832
4 0 833 1 833 2 833 3 833
4 0 834 1 834 2 834 3 834
4 0 835 1 835 2 835 3 835
4 0 836 1 836 2 836 3 836
4 0 837 1 837 2 837 3 837
4 0 838 1 838 2 838 3 838
4 0 839 2 839 1 839 3 839
4 0 840 1 840 2 840 3 840
4 0 841 1 841 2 841 3 841
4 0 842 1 842 2 842 3 842
4 0 843 1 843 2 843 3 843
4 0 844 1 844 2 844 3 844
4 0 845 1 845 2 845 3 845
4 0 846 1 846 2 846 3 846
4 0 847 1 847 2 847 3 847
4 0 848 1 848 2 848 3 848
4 0 849 1 849 2 849 3 849
4 0 850 1 850 2 850 3 850
4 0 851 1 851 2 851 3 851
4 0 852 1 852 2 852 3 852
4 0 853 1 853 2 853 3 853
4 0 854 1 854 2 854 3 854
4 0 855 1 855 2 855 3 855
4 0 856 1 856 2 856 3 856
4 0 857 1 857 2 857 3 857
4 0 858 1 858 2 858 3 858
4 0 859 1 859 2 859 3 859
4 0 860 1 860 2 860 3 860
4 0 861 1 861 2 861 3 861
4 0 862 1 862 2 862 3 862
4 0 863 1 863 2 863 3 863
4 0 864 1 864 2 864 3 864
4 0 865 1 865 2 865 3 865
4 0 866 1 866 2 866 3 866
4 0 867 1 867 2 867 3 867
4 0 868 1 868 2 868 3 868
4 0 869 1 869 2 869 3 869
4 0 870 1 870 2 870 3 870
4 0 871 1 871 2 871 3 871
4 0 872 1 872 2 872 3 872
4 0 873 1 873 2 873 3 873
4 0 874 1 874 2 874 3 874
4 0 875 1 875 2 875 3 875
4 0 876 1 876 2 876 3 876
4 0 877 1 877 2 877 3 877
4 0 878 1 878 2 878 3 878
4 0 879 1 879 2 879 3 879
4 0 880 1 880 2 880 3 880
4 0 881 1 881 2 881 3 881
4 0 882 1 882 2 882 3 882
4 0 883 1 883 2 883 3 883
4 0 884 1 884 2 884 3 884
4 0 885 1 885 2 885 3 885
4 0 886 1 886 2 886 3 886
4 0 887 1 887 2 887 3 887
4 0 888 1 888 2 888 3 888
4 0 889 1 889 2 889 3 889
4 0 890 1 890 2 890 3 890
4 0 891 1 891 2 891 3 891
4 0 892 1 892 2 892 3 892
4 0 893 1 893 2 893 3 893
4 0 894 1 894 2 894 3 894
4 0 895 1 895 2 895 3 895
4 0 896 1 896 2 896 3 896
4 0 897 1 897 2 897 3 897
4 0 898 1 898 2 898 3 898
4 0 899 1 899 2 899 3 899
4 0 900 1 900 2 900 3 900
4 0 901 1 901 2 901 3 901
4 0 902 1 902 2 902 3 902
4 0 903 1 903 2 903 3 903
4 0 904 1 904 2 904 3 904
4 0 905 1 905 2 905 3 905
4 0 906 1 906 2 906 3 906
4 0 907 1 907 2 907 3 907
4 0 908 1 908 2 908 3 908
4 0 909 1 909 2 909 3 909
4 0 910 1 910 2 910 3 910
4 0 911 1 911 2 911 3 911
4 0 912 1 912 2 912 3 912
4 0 913 1 913 2 913 3 913
4 0 914 1 914 2 914 3 914
4 0 915 1 915 2 915 3 915
4 0 916 1 916 2 916 3 916
4 0 917 1 917 2 917 3 917
4 0 918 1 918 2 918 3 918
4 0 919 1 919 2 919 3 919
4 0 920 1 920 2 920 3 920
3 1 241 2 241 3 241
