4
12
0 1
6.225825e-001 1.646091e+000 -2.826007e+001 -4.554152e-001 6.782828e-001 -1.729414e+001 -1.356907e-003 -1.123375e-003 1.011890e+000
0.000000e+000 0.000000e+000 0.000000e+000 0.000000e+000 0.000000e+000 0.000000e+000 0.000000e+000 0.000000e+000 0.000000e+000
0.0000000000000000e+000
0
0
0 2
-4.656620e-001 -1.137521e+000 -8.706144e+001 4.037099e-001 -4.394021e-001 5.097520e+000 1.378887e-003 -3.099499e-003 9.384828e-001
0.000000e+000 0.000000e+000 0.000000e+000 0.000000e+000 0.000000e+000 0.000000e+000 0.000000e+000 0.000000e+000 0.000000e+000
0.0000000000000000e+000
0
0
0 3
-6.999954e-001 -9.864247e-002 -2.116756e+001 9.825374e-002 -4.831823e-001 -4.342582e+001 1.966439e-004 -4.046407e-003 6.256325e-001
0.000000e+000 0.000000e+000 0.000000e+000 0.000000e+000 0.000000e+000 0.000000e+000 0.000000e+000 0.000000e+000 0.000000e+000
0.0000000000000000e+000
0
0
1 0
5.690726e-001 -1.394196e+000 -7.935044e+000 4.132430e-001 5.048364e-001 2.016916e+001 1.221877e-003 -1.309109e-003 1.000000e+000
0.000000e+000 0.000000e+000 0.000000e+000 0.000000e+000 0.000000e+000 0.000000e+000 0.000000e+000 0.000000e+000 0.000000e+000
6.0824742268041232e-001
59
0
1 2
-9.717433e-001 2.272769e-001 -1.223084e+002 6.164253e-002 -9.174309e-001 -8.296008e+000 6.241497e-004 -5.524090e-003 9.829413e-001
0.000000e+000 0.000000e+000 0.000000e+000 0.000000e+000 0.000000e+000 0.000000e+000 0.000000e+000 0.000000e+000 0.000000e+000
0.0000000000000000e+000
0
0
1 3
-5.424818e-001 1.119783e+000 -2.022353e+001 -2.361195e-001 -3.799952e-001 -6.364376e+001 -7.038716e-004 -3.577864e-003 6.556851e-001
0.000000e+000 0.000000e+000 0.000000e+000 0.000000e+000 0.000000e+000 0.000000e+000 0.000000e+000 0.000000e+000 0.000000e+000
0.0000000000000000e+000
0
0
2 0
-5.973891e-001 2.014624e+000 -6.636152e+001 -5.601427e-001 -4.774755e-001 -4.937000e+001 -9.722394e-004 -4.536976e-003 1.000000e+000
0.000000e+000 0.000000e+000 0.000000e+000 0.000000e+000 0.000000e+000 0.000000e+000 0.000000e+000 0.000000e+000 0.000000e+000
5.9793814432989689e-001
58
0
2 1
-1.079899e+000 5.153778e-001 -1.300232e+002 -7.495058e-002 -1.001516e+000 -1.777896e+001 2.644968e-004 -5.955736e-003 1.000000e+000
0.000000e+000 0.000000e+000 0.000000e+000 0.000000e+000 0.000000e+000 0.000000e+000 0.000000e+000 0.000000e+000 0.000000e+000
5.9375000000000000e-001
57
0
2 3
6.195974e-001 -1.595895e+000 3.797757e+001 3.392284e-001 7.961632e-001 -3.237644e+001 1.322115e-003 -9.704342e-004 1.003511e+000
0.000000e+000 0.000000e+000 0.000000e+000 0.000000e+000 0.000000e+000 0.000000e+000 0.000000e+000 0.000000e+000 0.000000e+000
0.0000000000000000e+000
0
0
3 0
-1.373927e+000 4.235675e-001 -1.708497e+001 -2.012264e-001 -1.246783e+000 -9.334878e+001 -8.696311e-004 -8.196957e-003 1.000000e+000
0.000000e+000 0.000000e+000 0.000000e+000 0.000000e+000 0.000000e+000 0.000000e+000 0.000000e+000 0.000000e+000 0.000000e+000
5.9375000000000000e-001
57
0
3 1
-1.013437e+000 -1.406604e+000 -1.677892e+002 4.242269e-001 -7.861808e-001 -6.322568e+001 1.226956e-003 -5.799914e-003 1.000000e+000
0.000000e+000 0.000000e+000 0.000000e+000 0.000000e+000 0.000000e+000 0.000000e+000 0.000000e+000 0.000000e+000 0.000000e+000
5.9793814432989689e-001
58
0
3 2
7.418178e-001 1.512209e+000 2.071479e+001 -3.703823e-001 5.524080e-001 3.183945e+001 -1.335512e-003 -1.458120e-003 1.000000e+000
0.000000e+000 0.000000e+000 0.000000e+000 0.000000e+000 0.000000e+000 0.000000e+000 0.000000e+000 0.000000e+000 0.000000e+000
6.0824742268041232e-001
59
0
97
4 0 0 1 0 2 0 3 0
4 0 1 1 1 2 1 3 1
4 0 2 1 2 2 2 3 2
4 0 3 1 3 2 3 3 3
4 0 4 1 4 2 4 3 4
4 0 5 1 5 2 5 3 5
4 0 6 1 6 2 6 3 6
4 0 7 1 7 2 7 3 7
4 0 8 1 8 2 8 3 8
4 0 9 1 9 2 9 3 9
4 0 10 1 10 2 10 3 10
4 0 11 1 11 2 11 3 11
4 0 12 1 12 2 12 3 12
4 0 13 1 13 2 13 3 13
4 0 14 1 14 2 14 3 14
4 0 15 1 15 2 15 3 15
4 0 16 1 16 2 16 3 16
4 0 17 1 17 2 17 3 17
4 0 18 1 18 2 18 3 18
4 0 19 1 19 2 19 3 19
4 0 20 1 20 2 20 3 20
4 0 21 1 21 2 21 3 21
4 0 22 1 22 2 22 3 22
4 0 23 1 23 2 23 3 23
4 0 24 1 24 2 24 3 24
4 0 25 1 25 2 25 3 25
4 0 26 1 26 2 26 3 26
4 0 27 1 27 2 27 3 27
4 0 28 1 28 2 28 3 28
4 0 29 1 29 2 29 3 29
4 0 30 1 30 2 30 3 30
4 0 31 1 31 2 31 3 31
4 0 32 1 32 2 32 3 32
4 0 33 1 33 2 33 3 33
4 0 34 1 34 2 34 3 34
4 0 35 1 35 2 35 3 35
4 0 36 1 36 2 36 3 36
4 0 37 1 37 2 37 3 37
4 0 38 1 38 2 38 3 38
4 0 39 1 39 2 39 3 39
4 0 40 1 40 2 40 3 40
4 0 41 1 41 2 41 3 41
4 0 42 1 42 2 42 3 42
4 0 43 1 43 2 43 3 43
4 0 44 1 44 2 44 3 44
4 0 45 1 45 2 45 3 45
4 0 46 1 46 2 46 3 46
4 0 47 1 47 2 47 3 47
4 0 48 1 48 2 48 3 48
4 0 49 1 49 2 49 3 49
4 0 50 1 50 2 50 3 50
4 0 51 1 51 2 51 3 51
4 0 52 1 52 2 52 3 52
4 0 53 1 53 2 53 3 53
4 0 54 1 54 2 54 3 54
4 0 55 1 55 2 55 3 55
4 0 56 1 56 2 56 3 56
4 0 57 1 57 2 57 3 57
4 0 58 1 58 2 58 3 58
4 0 59 1 59 2 59 3 59
4 0 60 1 60 2 60 3 60
4 0 61 1 61 2 61 3 61
4 0 62 1 62 2 62 3 62
4 0 63 1 63 2 63 3 63
4 0 64 1 64 2 64 3 64
4 0 65 1 65 2 65 3 65
4 0 66 1 66 2 66 3 66
4 0 67 1 67 2 67 3 67
4 0 68 1 68 2 68 3 68
4 0 69 1 69 2 69 3 69
4 0 70 1 70 2 70 3 70
4 0 71 1 71 2 71 3 71
4 0 72 1 72 2 72 3 72
4 0 73 1 73 2 73 3 73
4 0 74 1 74 2 74 3 74
4 0 75 1 75 2 75 3 75
4 0 76 1 76 2 76 3 76
4 0 77 1 77 2 77 3 77
4 0 78 1 78 2 78 3 78
4 0 79 1 79 2 79 3 79
4 0 80 1 80 2 80 3 80
4 0 81 1 81 2 81 3 81
4 0 82 1 82 2 82 3 82
4 0 83 1 83 2 83 3 83
4 0 84 1 84 2 84 3 84
4 0 85 1 85 2 85 3 85
4 0 86 1 86 2 86 3 86
4 0 87 1 87 2 87 3 87
4 0 88 1 88 2 88 3 88
4 0 89 1 89 2 89 3 89
4 0 90 1 90 2 90 3 90
4 0 91 1 91 2 91 3 91
4 0 92 1 92 2 92 3 92
4 0 93 1 93 2 93 3 93
4 0 94 1 94 2 94 3 94
4 0 95 1 95 2 95 3 95
4 0 96 1 96 2 96 3 96
