4
12
0 1
1.115057e+000 -1.696178e+000 -1.123622e+002 4.541119e-001 5.086638e-001 -9.249777e+000 3.093635e-006 1.473870e-003 1.044695e+000
0.000000e+000 0.000000e+000 0.000000e+000 0.000000e+000 0.000000e+000 0.000000e+000 0.000000e+000 0.000000e+000 0.000000e+000
0.0000000000000000e+000
0
0
0 2
-3.583902e+000 5.118408e+000 -9.586485e+001 -6.965671e-002 -2.831746e+000 -3.599757e+002 8.329307e-003 1.670020e-002 4.716395e+000
0.000000e+000 0.000000e+000 0.000000e+000 0.000000e+000 0.000000e+000 0.000000e+000 0.000000e+000 0.000000e+000 0.000000e+000
0.0000000000000000e+000
0
0
0 3
-6.343322e-001 -4.998422e-002 -1.125647e+001 -1.665284e+000 7.238392e-001 -1.470789e+002 4.768718e-003 -4.437100e-004 1.197259e+000
0.000000e+000 0.000000e+000 0.000000e+000 0.000000e+000 0.000000e+000 0.000000e+000 0.000000e+000 0.000000e+000 0.000000e+000
0.0000000000000000e+000
0
0
1 0
4.075173e-001 1.201083e+000 5.446498e+001 -3.547342e-001 8.712458e-001 -3.043940e+001 4.992571e-004 -1.232722e-003 1.000000e+000
0.000000e+000 0.000000e+000 0.000000e+000 0.000000e+000 0.000000e+000 0.000000e+000 0.000000e+000 0.000000e+000 0.000000e+000
3.5849056603773582e-001
19
0
1 2
-1.051750e+000 -5.662432e-003 -1.431579e+002 5.554233e-001 9.966352e-001 7.533289e+001 -1.457008e-003 -1.384808e-003 8.020521e-001
0.000000e+000 0.000000e+000 0.000000e+000 0.000000e+000 0.000000e+000 0.000000e+000 0.000000e+000 0.000000e+000 0.000000e+000
0.0000000000000000e+000
0
0
1 3
-3.918205e-001 -1.010223e+000 -7.183032e+001 6.083819e-001 -6.592909e-002 3.112383e+001 -1.518313e-003 3.731816e-003 1.097813e+000
0.000000e+000 0.000000e+000 0.000000e+000 0.000000e+000 0.000000e+000 0.000000e+000 0.000000e+000 0.000000e+000 0.000000e+000
0.0000000000000000e+000
0
0
2 0
-6.990771e-001 -2.450341e+000 -2.012300e+002 -2.541419e-001 -1.533008e+000 -1.221715e+002 2.134480e-003 9.755584e-003 1.000000e+000
0.000000e+000 0.000000e+000 0.000000e+000 0.000000e+000 0.000000e+000 0.000000e+000 0.000000e+000 0.000000e+000 0.000000e+000
2.0370370370370369e-001
11
0
2 1
-8.647064e-001 -1.940431e-001 -1.361155e+002 5.312959e-001 1.006770e+000 2.697363e-001 -6.535002e-004 1.385771e-003 1.000000e+000
0.000000e+000 0.000000e+000 0.000000e+000 0.000000e+000 0.000000e+000 0.000000e+000 0.000000e+000 0.000000e+000 0.000000e+000
2.5454545454545452e-001
14
0
2 3
1.333518e+000 4.902790e+000 3.869086e+002 -5.583706e-001 5.160786e-001 -1.245153e+001 4.157125e-003 -4.368880e-003 1.062045e+000
0.000000e+000 0.000000e+000 0.000000e+000 0.000000e+000 0.000000e+000 0.000000e+000 0.000000e+000 0.000000e+000 0.000000e+000
0.0000000000000000e+000
0
0
3 0
-1.477460e+000 -1.195420e-001 -2.857617e+001 -2.382776e+000 1.301237e+000 1.374497e+002 5.001695e-003 9.583839e-004 1.000000e+000
0.000000e+000 0.000000e+000 0.000000e+000 0.000000e+000 0.000000e+000 0.000000e+000 0.000000e+000 0.000000e+000 0.000000e+000
2.2641509433962265e-001
12
0
3 1
-2.943727e-001 1.313139e+000 -5.648941e+001 -1.116658e+000 -8.419397e-001 -4.919370e+001 3.388747e-003 4.678136e-003 1.000000e+000
0.000000e+000 0.000000e+000 0.000000e+000 0.000000e+000 0.000000e+000 0.000000e+000 0.000000e+000 0.000000e+000 0.000000e+000
2.5454545454545452e-001
14
0
3 2
1.441133e-001 -2.013367e+000 -7.610617e+001 1.579941e-001 -5.609572e-002 -5.821577e+001 8.583489e-005 7.650093e-003 1.000000e+000
0.000000e+000 0.000000e+000 0.000000e+000 0.000000e+000 0.000000e+000 0.000000e+000 0.000000e+000 0.000000e+000 0.000000e+000
2.3636363636363636e-001
13
0
55
4 0 0 1 0 2 0 3 0
4 0 1 1 1 2 1 3 1
4 0 2 1 2 2 2 3 2
4 0 3 1 3 2 3 3 3
4 0 4 1 4 2 4 3 4
4 0 5 1 5 2 5 3 5
4 0 6 1 6 2 6 3 6
4 0 7 1 7 2 7 3 7
4 0 8 1 8 2 8 3 8
4 0 9 1 9 2 9 3 9
4 0 10 1 10 2 10 3 10
4 0 11 1 11 2 11 3 11
4 0 12 1 12 2 12 3 12
4 0 13 1 13 2 13 3 13
4 0 14 1 14 2 14 3 14
4 0 15 1 15 2 15 3 15
4 0 16 1 16 2 16 3 16
4 0 17 1 17 2 17 3 17
4 0 18 1 18 2 18 3 18
4 0 19 1 19 2 19 3 19
4 0 20 1 20 2 20 3 20
4 0 21 1 21 2 21 3 21
4 0 22 1 22 2 22 3 22
4 0 23 1 23 2 23 3 23
4 0 24 1 24 2 24 3 24
4 0 25 1 25 2 25 3 25
4 0 26 1 26 2 26 3 26
4 0 27 1 27 2 27 3 27
4 0 28 1 28 2 28 3 28
4 0 29 1 29 2 29 3 29
4 0 30 1 30 2 30 3 30
4 0 31 1 31 2 31 3 31
4 0 32 1 32 2 32 3 32
4 0 33 1 33 2 33 3 33
4 0 34 1 34 2 34 3 34
4 0 35 1 35 2 35 3 35
4 0 36 1 36 2 36 3 36
4 0 37 1 37 2 37 3 37
4 0 38 2 38 3 38 1 38
4 0 39 1 39 2 39 3 39
4 0 40 2 40 1 40 3 40
4 0 41 1 41 2 41 3 41
4 0 42 2 42 3 42 1 42
4 0 43 1 43 2 43 3 43
4 0 44 1 44 2 44 3 44
4 0 45 1 45 2 45 3 45
4 0 46 1 46 2 46 3 46
4 0 47 1 47 2 47 3 47
4 0 48 1 48 2 48 3 48
4 0 49 1 49 2 49 3 49
4 0 50 1 50 2 50 3 50
4 0 51 1 51 2 51 3 51
4 0 52 1 52 2 52 3 52
4 0 53 1 53 2 53 3 53
4 0 54 1 54 2 54 3 54
