4
12
0 1
3.517619e+000 -1.356124e+000 -3.116462e+002 2.322360e+000 1.351881e+000 -1.007170e+002 -1.163872e-002 -3.702076e-004 1.804116e+000
0.000000e+000 0.000000e+000 0.000000e+000 0.000000e+000 0.000000e+000 0.000000e+000 0.000000e+000 0.000000e+000 0.000000e+000
0.0000000000000000e+000
0
0
0 2
-9.973073e-001 -9.786210e+000 -1.605125e+003 -1.763929e+000 1.015173e+001 1.325074e+003 7.271558e-003 4.213435e-003 2.522375e+000
0.000000e+000 0.000000e+000 0.000000e+000 0.000000e+000 0.000000e+000 0.000000e+000 0.000000e+000 0.000000e+000 0.000000e+000
0.0000000000000000e+000
0
0
0 3
-1.471517e+000 4.736743e-001 1.549399e+002 2.548020e+000 -6.737552e+000 -8.173359e+002 -8.232796e-003 2.466531e-002 3.909557e+000
0.000000e+000 0.000000e+000 0.000000e+000 0.000000e+000 0.000000e+000 0.000000e+000 0.000000e+000 0.000000e+000 0.000000e+000
0.0000000000000000e+000
0
0
1 0
3.038230e-001 3.241038e-001 7.057643e+001 -3.817408e-001 3.439715e-001 -4.673996e+001 1.881690e-003 2.161443e-003 1.000000e+000
0.000000e+000 0.000000e+000 0.000000e+000 0.000000e+000 0.000000e+000 0.000000e+000 0.000000e+000 0.000000e+000 0.000000e+000
2.6229508196721313e-001
16
0
1 2
-1.510089e+000 -7.049704e-001 -2.459491e+002 2.775370e+000 -2.966901e+000 -4.065686e+002 -7.252345e-003 1.198491e-002 2.914864e+000
0.000000e+000 0.000000e+000 0.000000e+000 0.000000e+000 0.000000e+000 0.000000e+000 0.000000e+000 0.000000e+000 0.000000e+000
0.0000000000000000e+000
0
0
1 3
9.785994e-002 -1.624650e+000 -1.231286e+002 1.305316e+000 -6.353091e-001 -6.098320e+001 -4.349372e-003 5.734287e-003 1.475147e+000
0.000000e+000 0.000000e+000 0.000000e+000 0.000000e+000 0.000000e+000 0.000000e+000 0.000000e+000 0.000000e+000 0.000000e+000
0.0000000000000000e+000
0
0
2 0
-7.311381e-001 -6.543867e-001 -1.214954e+002 -5.142901e-001 -3.343307e-001 -1.516375e+002 2.966823e-003 2.444954e-003 1.000000e+000
0.000000e+000 0.000000e+000 0.000000e+000 0.000000e+000 0.000000e+000 0.000000e+000 0.000000e+000 0.000000e+000 0.000000e+000
1.8333333333333332e-001
11
0
2 1
-5.865336e-001 -1.386994e-001 -6.883623e+001 -7.987227e-001 -9.609394e-001 -2.014272e+002 1.824743e-003 3.605959e-003 1.000000e+000
0.000000e+000 0.000000e+000 0.000000e+000 0.000000e+000 0.000000e+000 0.000000e+000 0.000000e+000 0.000000e+000 0.000000e+000
2.0689655172413793e-001
12
0
2 3
3.872598e+000 5.209227e+000 7.384977e+002 -7.489232e-001 5.035524e-001 -4.396661e+001 4.140509e-003 3.413534e-003 1.648531e+000
0.000000e+000 0.000000e+000 0.000000e+000 0.000000e+000 0.000000e+000 0.000000e+000 0.000000e+000 0.000000e+000 0.000000e+000
0.0000000000000000e+000
0
0
3 0
-7.098488e-001 2.262171e-001 7.542524e+001 -3.712514e-001 -5.141999e-001 -9.278606e+001 8.474078e-004 3.720447e-003 1.000000e+000
0.000000e+000 0.000000e+000 0.000000e+000 0.000000e+000 0.000000e+000 0.000000e+000 0.000000e+000 0.000000e+000 0.000000e+000
2.8813559322033899e-001
17
0
3 1
-2.853903e-001 8.212455e-001 1.012947e+001 -8.065512e-001 -1.900278e-001 -7.517762e+001 2.293824e-003 3.160076e-003 1.000000e+000
0.000000e+000 0.000000e+000 0.000000e+000 0.000000e+000 0.000000e+000 0.000000e+000 0.000000e+000 0.000000e+000 0.000000e+000
3.0508474576271188e-001
18
0
3 2
1.675170e-001 -1.036798e+000 -1.026947e+002 1.798861e-001 5.684728e-001 -6.542285e+001 -7.932230e-004 1.426950e-003 1.000000e+000
0.000000e+000 0.000000e+000 0.000000e+000 0.000000e+000 0.000000e+000 0.000000e+000 0.000000e+000 0.000000e+000 0.000000e+000
2.5000000000000000e-001
15
0
61
4 0 0 1 0 2 0 3 0
4 0 1 1 1 2 1 3 1
4 0 2 1 2 2 2 3 2
4 0 3 1 3 2 3 3 3
4 0 4 1 4 2 4 3 4
4 0 5 1 5 2 5 3 5
4 0 6 1 6 2 6 3 6
4 0 7 1 7 2 7 3 7
4 0 8 1 8 2 8 3 8
4 0 9 1 9 2 9 3 9
4 0 10 1 10 2 10 3 10
4 0 11 1 11 2 11 3 11
4 0 12 1 12 2 12 3 12
4 0 13 1 13 2 13 3 13
4 0 14 1 14 2 14 3 14
4 0 15 1 15 2 15 3 15
4 0 16 1 16 2 16 3 16
4 0 17 1 17 2 17 3 17
4 0 18 1 18 2 18 3 18
4 0 19 1 19 2 19 3 19
4 0 20 1 20 2 20 3 20
4 0 21 1 21 2 21 3 21
4 0 22 1 22 2 22 3 22
4 0 23 1 23 2 23 3 23
4 0 24 1 24 2 24 3 24
4 0 25 1 25 2 25 3 25
4 0 26 1 26 2 26 3 26
4 0 27 1 27 2 27 3 27
4 0 28 1 28 2 28 3 28
4 0 29 1 29 2 29 3 29
4 0 30 1 30 2 30 3 30
4 0 31 1 31 2 31 3 31
4 0 32 1 32 2 32 3 32
4 0 33 1 33 2 33 3 33
4 0 34 1 34 2 34 3 34
4 0 35 1 35 2 35 3 35
4 0 36 1 36 2 36 3 36
4 0 37 1 37 2 37 3 37
4 0 38 1 38 2 38 3 38
4 0 39 1 39 2 39 3 39
4 0 40 1 40 2 40 3 40
4 0 41 1 41 2 41 3 41
4 0 42 1 42 2 42 3 42
4 0 43 1 43 2 43 3 43
4 0 44 1 44 2 44 3 44
4 0 45 1 45 2 45 3 45
4 0 46 1 46 2 46 3 46
4 0 47 1 47 2 47 3 47
4 0 48 1 48 2 48 3 48
4 0 49 1 49 2 49 3 49
4 0 50 1 50 2 50 3 50
4 0 51 1 51 2 51 3 51
4 0 52 1 52 2 52 3 52
4 0 53 1 53 2 53 3 53
4 0 54 1 54 2 54 3 54
4 0 55 1 55 2 55 3 55
4 0 56 1 56 2 56 3 56
4 0 57 1 57 2 57 3 57
4 0 58 1 58 2 58 3 58
3 0 59 1 59 3 59
4 0 60 1 60 2 60 3 60
