4
12
0 1
5.679161e+000 7.488596e-001 -1.965757e+002 -2.345367e+000 1.354444e+000 1.334721e+002 1.495246e-002 5.403415e-004 4.374568e-001
0.000000e+000 0.000000e+000 0.000000e+000 0.000000e+000 0.000000e+000 0.000000e+000 0.000000e+000 0.000000e+000 0.000000e+000
0.0000000000000000e+000
0
0
0 2
1.195147e+000 -1.522959e-001 -7.389056e+001 4.988687e+000 1.553191e+000 -3.816263e+002 -2.799664e-002 -5.203294e-003 3.024210e+000
0.000000e+000 0.000000e+000 0.000000e+000 0.000000e+000 0.000000e+000 0.000000e+000 0.000000e+000 0.000000e+000 0.000000e+000
0.0000000000000000e+000
0
0
0 3
-3.399225e+000 -1.972940e+000 1.012592e+002 -2.337109e+001 -1.812708e+001 7.290748e+002 7.913070e-002 6.401331e-002 -1.487537e+000
0.000000e+000 0.000000e+000 0.000000e+000 0.000000e+000 0.000000e+000 0.000000e+000 0.000000e+000 0.000000e+000 0.000000e+000
0.0000000000000000e+000
0
0
1 0
5.507675e-002 -4.591351e-002 3.875793e+001 3.198124e-001 5.740278e-001 -3.143027e+001 -2.277575e-003 8.603103e-004 1.000000e+000
0.000000e+000 0.000000e+000 0.000000e+000 0.000000e+000 0.000000e+000 0.000000e+000 0.000000e+000 0.000000e+000 0.000000e+000
3.1818181818181818e-001
21
0
1 2
-7.942806e-001 1.234620e+000 3.071613e+002 -4.482227e+000 -6.164979e+000 -5.255629e+002 1.671762e-002 2.533826e-002 3.363491e+000
0.000000e+000 0.000000e+000 0.000000e+000 0.000000e+000 0.000000e+000 0.000000e+000 0.000000e+000 0.000000e+000 0.000000e+000
0.0000000000000000e+000
0
0
1 3
2.730367e+000 1.467761e+000 -1.536209e+002 -3.581316e+000 -5.803379e-002 2.739212e+002 7.382988e-003 9.309750e-004 4.667729e-001
0.000000e+000 0.000000e+000 0.000000e+000 0.000000e+000 0.000000e+000 0.000000e+000 0.000000e+000 0.000000e+000 0.000000e+000
0.0000000000000000e+000
0
0
2 0
1.036473e+000 3.230249e-001 6.608679e+001 -1.682914e+000 5.908489e-001 3.344080e+001 6.699622e-003 4.006987e-003 1.000000e+000
0.000000e+000 0.000000e+000 0.000000e+000 0.000000e+000 0.000000e+000 0.000000e+000 0.000000e+000 0.000000e+000 0.000000e+000
1.7910447761194029e-001
12
0
2 1
-7.112746e-001 3.480441e-001 1.193388e+002 6.030130e-001 -7.484307e-001 -1.720146e+002 -1.007430e-003 3.908280e-003 1.000000e+000
0.000000e+000 0.000000e+000 0.000000e+000 0.000000e+000 0.000000e+000 0.000000e+000 0.000000e+000 0.000000e+000 0.000000e+000
1.9402985074626866e-001
13
0
2 3
1.643577e+000 -2.310879e+000 -3.001540e+002 6.968265e-001 5.956794e-001 -1.619721e+001 2.302000e-003 5.551461e-004 8.469032e-001
0.000000e+000 0.000000e+000 0.000000e+000 0.000000e+000 0.000000e+000 0.000000e+000 0.000000e+000 0.000000e+000 0.000000e+000
0.0000000000000000e+000
0
0
3 0
-1.270666e+000 2.287244e-001 2.560650e+001 1.478365e+000 -1.906236e-001 7.205951e+000 -3.975484e-003 3.964053e-003 1.000000e+000
0.000000e+000 0.000000e+000 0.000000e+000 0.000000e+000 0.000000e+000 0.000000e+000 0.000000e+000 0.000000e+000 0.000000e+000
2.1212121212121213e-001
14
0
3 1
-5.533524e-002 -1.624398e-001 7.711474e+001 7.245928e-001 4.724625e-001 -3.878741e+001 -5.699525e-004 1.627002e-003 1.000000e+000
0.000000e+000 0.000000e+000 0.000000e+000 0.000000e+000 0.000000e+000 0.000000e+000 0.000000e+000 0.000000e+000 0.000000e+000
2.0895522388059701e-001
14
0
3 2
1.983043e-001 6.914776e-001 8.350640e+001 -2.423142e-001 8.044196e-001 -7.049474e+001 -3.801811e-004 -2.406830e-003 1.000000e+000
0.000000e+000 0.000000e+000 0.000000e+000 0.000000e+000 0.000000e+000 0.000000e+000 0.000000e+000 0.000000e+000 0.000000e+000
2.2058823529411764e-001
15
0
68
3 0 0 2 0 3 0
4 0 1 1 1 2 1 3 1
4 0 2 1 2 2 2 3 2
4 0 3 1 3 2 3 3 3
4 0 4 1 4 2 4 3 4
4 0 5 1 5 2 5 3 5
4 0 6 1 6 2 6 3 6
4 0 7 1 7 2 7 3 7
4 0 8 1 8 2 8 3 8
4 0 9 1 9 2 9 3 9
4 0 10 1 10 2 10 3 10
4 0 11 1 11 2 11 3 11
4 0 12 1 12 2 12 3 12
4 0 13 1 13 2 13 3 13
4 0 14 1 14 2 14 3 14
4 0 15 1 15 2 15 3 15
4 0 16 1 16 2 16 3 16
4 0 17 1 17 2 17 3 17
4 0 18 1 18 2 18 3 18
4 0 19 1 19 2 19 3 19
4 0 20 1 20 2 20 3 20
4 0 21 1 21 2 21 3 21
4 0 22 1 22 2 22 3 22
4 0 23 1 23 2 23 3 23
4 0 24 1 24 2 24 3 24
4 0 25 1 25 2 25 3 25
4 0 26 1 26 2 26 3 26
4 0 27 1 27 2 27 3 27
4 0 28 1 28 2 28 3 28
4 0 29 1 29 2 29 3 29
4 0 30 1 30 2 30 3 30
4 0 31 1 31 2 31 3 31
4 0 32 1 32 2 32 3 32
4 0 33 1 33 2 33 3 33
4 0 34 1 34 2 34 3 34
4 0 35 1 35 2 35 3 35
4 0 36 1 36 2 36 3 36
4 0 37 1 37 2 37 3 37
4 0 38 1 38 2 38 3 38
4 0 39 1 39 2 39 3 39
4 0 40 1 40 2 40 3 40
4 0 41 1 41 2 41 3 41
4 0 42 1 42 2 42 3 42
4 0 43 1 43 2 43 3 43
4 0 44 1 44 2 44 3 44
4 0 46 1 46 2 46 3 46
4 0 47 1 47 2 47 3 47
4 0 48 1 48 2 48 3 48
4 0 49 1 49 2 49 3 49
4 0 50 1 50 2 50 3 50
4 0 51 1 51 2 51 3 51
4 0 52 1 52 2 52 3 52
4 0 53 1 53 2 53 3 53
4 0 54 1 54 2 54 3 54
4 0 55 1 55 2 55 3 55
4 0 56 1 56 2 56 3 56
4 0 57 1 57 2 57 3 57
4 0 58 1 58 2 58 3 58
4 0 59 1 59 2 59 3 59
4 0 60 1 60 2 60 3 60
4 0 61 1 61 2 61 3 61
4 0 62 1 62 2 62 3 62
4 0 63 1 63 2 63 3 63
4 0 64 1 64 2 64 3 64
4 0 65 1 65 2 65 3 65
4 0 66 1 66 2 66 3 66
4 0 67 1 67 2 67 3 67
3 1 45 2 45 3 45
