4
12
0 1
1.602455e+000 9.799083e-001 4.719030e+001 -6.357540e-001 8.024613e-001 1.046727e+001 1.325181e-003 6.600387e-004 1.035342e+000
0.000000e+000 0.000000e+000 0.000000e+000 0.000000e+000 0.000000e+000 0.000000e+000 0.000000e+000 0.000000e+000 0.000000e+000
0.0000000000000000e+000
0
0
0 2
-2.628283e-001 -1.129455e+000 2.658114e+000 1.009410e+000 3.385466e-002 -1.448356e+002 -3.470961e-003 9.413103e-004 1.531118e+000
0.000000e+000 0.000000e+000 0.000000e+000 0.000000e+000 0.000000e+000 0.000000e+000 0.000000e+000 0.000000e+000 0.000000e+000
0.0000000000000000e+000
0
0
0 3
-8.753460e-001 -9.704879e-002 1.919058e+001 4.868131e-001 4.397779e-001 -1.036104e+001 -8.393141e-004 2.698271e-003 1.020655e+000
0.000000e+000 0.000000e+000 0.000000e+000 0.000000e+000 0.000000e+000 0.000000e+000 0.000000e+000 0.000000e+000 0.000000e+000
0.0000000000000000e+000
0
0
1 0
4.316191e-001 -5.151648e-001 -1.446466e+001 3.520863e-001 8.363781e-001 -2.450365e+001 -7.769067e-004 1.261850e-004 1.000000e+000
0.000000e+000 0.000000e+000 0.000000e+000 0.000000e+000 0.000000e+000 0.000000e+000 0.000000e+000 0.000000e+000 0.000000e+000
4.3055555555555558e-001
31
0
1 2
-5.398843e-001 5.883056e-002 7.605147e+001 -7.425084e-002 1.296329e-001 -1.644192e+001 -2.668949e-005 1.613221e-003 6.473424e-001
0.000000e+000 0.000000e+000 0.000000e+000 0.000000e+000 0.000000e+000 0.000000e+000 0.000000e+000 0.000000e+000 0.000000e+000
0.0000000000000000e+000
0
0
1 3
-1.078185e+000 2.178948e+000 1.945553e+002 -5.849597e-001 -1.067910e+000 -5.211441e+001 9.309843e-003 8.310868e-003 1.220819e+000
0.000000e+000 0.000000e+000 0.000000e+000 0.000000e+000 0.000000e+000 0.000000e+000 0.000000e+000 0.000000e+000 0.000000e+000
0.0000000000000000e+000
0
0
2 0
1.663483e-001 1.530988e+000 1.445345e+002 -9.218712e-001 -3.475955e-001 -3.128026e+001 9.438561e-004 3.684362e-003 1.000000e+000
0.000000e+000 0.000000e+000 0.000000e+000 0.000000e+000 0.000000e+000 0.000000e+000 0.000000e+000 0.000000e+000 0.000000e+000
2.8947368421052633e-001
22
0
2 1
-1.683081e+000 -1.289336e+000 1.649848e+002 -7.391897e-001 5.295153e+000 2.213341e+002 1.772719e-003 -1.324904e-002 1.000000e+000
0.000000e+000 0.000000e+000 0.000000e+000 0.000000e+000 0.000000e+000 0.000000e+000 0.000000e+000 0.000000e+000 0.000000e+000
2.8000000000000003e-001
21
0
2 3
5.724464e-001 -1.589444e+000 -1.565168e+002 3.746555e-001 8.763504e-001 1.955589e+001 -1.224968e-003 6.780300e-004 1.161595e+000
0.000000e+000 0.000000e+000 0.000000e+000 0.000000e+000 0.000000e+000 0.000000e+000 0.000000e+000 0.000000e+000 0.000000e+000
0.0000000000000000e+000
0
0
3 0
-1.411903e+000 -4.466355e-001 2.201296e+001 1.445522e+000 2.597823e+000 -8.075784e-001 -4.982528e-003 -7.235060e-003 1.000000e+000
0.000000e+000 0.000000e+000 0.000000e+000 0.000000e+000 0.000000e+000 0.000000e+000 0.000000e+000 0.000000e+000 0.000000e+000
2.1621621621621623e-001
16
0
3 1
-3.588656e-001 -4.299989e-001 3.883465e+001 9.437464e-002 -1.289179e+000 -7.007252e+001 2.094207e-003 1.205536e-002 1.000000e+000
0.000000e+000 0.000000e+000 0.000000e+000 0.000000e+000 0.000000e+000 0.000000e+000 0.000000e+000 0.000000e+000 0.000000e+000
2.4358974358974358e-001
19
0
3 2
9.157341e-001 1.586069e+000 9.668667e+001 -4.184934e-001 4.313171e-001 -6.365043e+001 1.209971e-003 1.420837e-003 1.000000e+000
0.000000e+000 0.000000e+000 0.000000e+000 0.000000e+000 0.000000e+000 0.000000e+000 0.000000e+000 0.000000e+000 0.000000e+000
2.3376623376623376e-001
18
0
78
4 0 0 1 0 2 0 3 0
4 0 1 1 1 2 1 3 1
4 0 2 2 2 3 2 1 2
4 0 3 1 3 2 3 3 3
4 0 4 2 4 1 4 3 4
4 0 5 2 5 3 5 1 5
4 0 6 1 6 2 6 3 6
4 0 7 1 7 3 7 2 7
4 0 8 1 8 2 8 3 8
4 0 9 1 9 2 9 3 9
4 0 10 1 10 2 10 3 10
4 0 11 1 11 2 11 3 11
4 0 12 1 12 2 12 3 12
4 0 13 1 13 2 13 3 13
4 0 14 1 14 2 14 3 14
4 0 15 2 15 3 15 1 15
4 0 16 1 16 2 16 3 16
4 0 17 1 17 2 17 3 17
4 0 18 1 18 2 18 3 18
4 0 19 1 19 2 19 3 19
4 0 20 1 20 2 20 3 20
4 0 21 1 21 2 21 3 21
4 0 22 1 22 2 22 3 22
4 0 23 3 23 1 23 2 23
4 0 24 1 24 2 24 3 24
4 0 25 1 25 2 25 3 25
4 0 26 1 26 2 26 3 26
4 0 27 1 27 2 27 3 27
4 0 28 1 28 2 28 3 28
4 0 29 1 29 2 29 3 29
4 0 30 1 30 2 30 3 30
4 0 31 1 31 2 31 3 31
4 0 32 1 32 2 32 3 32
4 0 33 1 33 2 33 3 33
4 0 34 1 34 2 34 3 34
4 0 35 1 35 2 35 3 35
4 0 36 1 36 2 36 3 36
4 0 37 1 37 2 37 3 37
4 0 38 1 38 2 38 3 38
4 0 39 1 39 2 39 3 39
4 0 40 1 40 2 40 3 40
4 0 41 1 41 2 41 3 41
4 0 42 1 42 2 42 3 42
4 0 43 1 43 2 43 3 43
4 0 44 1 44 2 44 3 44
4 0 45 1 45 2 45 3 45
4 0 46 1 46 2 46 3 46
4 0 47 1 47 2 47 3 47
4 0 48 1 48 2 48 3 48
4 0 49 1 49 2 49 3 49
4 0 50 1 50 2 50 3 50
4 0 51 1 51 2 51 3 51
4 0 52 1 52 2 52 3 52
4 0 53 1 53 2 53 3 53
4 0 54 1 54 2 54 3 54
4 0 55 1 55 2 55 3 55
4 0 56 1 56 2 56 3 56
4 0 57 1 57 2 57 3 57
4 0 58 1 58 2 58 3 58
4 0 59 1 59 2 59 3 59
4 0 60 1 60 2 60 3 60
4 0 61 1 61 2 61 3 61
4 0 62 1 62 2 62 3 62
4 0 63 2 63 3 63 1 63
4 0 64 1 64 2 64 3 64
4 0 65 1 65 2 65 3 65
4 0 66 1 66 2 66 3 66
4 0 67 1 67 2 67 3 67
4 0 68 1 68 2 68 3 68
4 0 69 1 69 2 69 3 69
4 0 70 1 70 2 70 3 70
4 0 71 1 71 2 71 3 71
4 0 72 1 72 2 72 3 72
4 0 73 1 73 2 73 3 73
4 0 74 1 74 2 74 3 74
4 0 75 1 75 2 75 3 75
4 0 76 1 76 2 76 3 76
4 0 77 1 77 2 77 3 77
