4
12
0 1
1.185288e+000 -1.619584e-002 4.567422e+001 1.798561e-001 8.631212e-001 6.124351e+000 3.383559e-003 1.596854e-006 1.130338e+000
0.000000e+000 0.000000e+000 0.000000e+000 0.000000e+000 0.000000e+000 0.000000e+000 0.000000e+000 0.000000e+000 0.000000e+000
0.0000000000000000e+000
0
0
0 2
-1.578141e+000 -1.265452e-001 -2.304443e+002 3.646126e-001 1.422957e+000 1.029081e+002 1.322677e-003 2.382958e-004 1.197853e+000
0.000000e+000 0.000000e+000 0.000000e+000 0.000000e+000 0.000000e+000 0.000000e+000 0.000000e+000 0.000000e+000 0.000000e+000
0.0000000000000000e+000
0
0
0 3
-8.169471e-001 -4.331538e-002 -1.961201e+001 -8.912511e-001 1.244713e+000 7.901881e+000 2.525662e-003 -2.444569e-005 1.057041e+000
0.000000e+000 0.000000e+000 0.000000e+000 0.000000e+000 0.000000e+000 0.000000e+000 0.000000e+000 0.000000e+000 0.000000e+000
0.0000000000000000e+000
0
0
1 0
9.509228e-001 1.791464e-002 -3.852154e+001 -1.779563e-001 1.155245e+000 9.314802e-001 -2.846244e-003 -5.525778e-005 1.000000e+000
0.000000e+000 0.000000e+000 0.000000e+000 0.000000e+000 0.000000e+000 0.000000e+000 0.000000e+000 0.000000e+000 0.000000e+000
1.8055555555555555e-001
26
0
1 2
-1.178603e+000 9.605979e-002 -1.415227e+002 4.908545e-002 8.210568e-001 3.576249e+001 2.655917e-004 1.415091e-004 1.037798e+000
0.000000e+000 0.000000e+000 0.000000e+000 0.000000e+000 0.000000e+000 0.000000e+000 0.000000e+000 0.000000e+000 0.000000e+000
0.0000000000000000e+000
0
0
1 3
-1.572149e-002 -1.803295e+000 -8.284360e+001 1.096445e+000 -7.168034e-001 3.990365e+001 -3.565527e-003 4.745584e-003 9.797746e-001
0.000000e+000 0.000000e+000 0.000000e+000 0.000000e+000 0.000000e+000 0.000000e+000 0.000000e+000 0.000000e+000 0.000000e+000
0.0000000000000000e+000
0
0
2 0
-7.638011e-001 -4.395055e-002 -1.431651e+002 1.366855e-001 7.208851e-001 -3.563589e+001 8.162025e-004 -9.487938e-005 1.000000e+000
0.000000e+000 0.000000e+000 0.000000e+000 0.000000e+000 0.000000e+000 0.000000e+000 0.000000e+000 0.000000e+000 0.000000e+000
1.7021276595744680e-001
24
0
2 1
-8.710580e-001 1.231134e-001 -1.230272e+002 4.261816e-002 1.219196e+000 -3.620169e+001 2.171087e-004 -1.977507e-004 1.000000e+000
0.000000e+000 0.000000e+000 0.000000e+000 0.000000e+000 0.000000e+000 0.000000e+000 0.000000e+000 0.000000e+000 0.000000e+000
2.0422535211267606e-001
29
0
2 3
1.863407e+000 2.474956e+000 2.629117e+002 -5.229952e-001 7.782585e-001 8.968187e+000 2.155362e-003 1.680163e-003 1.237659e+000
0.000000e+000 0.000000e+000 0.000000e+000 0.000000e+000 0.000000e+000 0.000000e+000 0.000000e+000 0.000000e+000 0.000000e+000
0.0000000000000000e+000
0
0
3 0
-1.246749e+000 -4.383411e-002 -2.280411e+001 -9.114869e-001 7.712336e-001 -2.267678e+001 2.957865e-003 1.225718e-004 1.000000e+000
0.000000e+000 0.000000e+000 0.000000e+000 0.000000e+000 0.000000e+000 0.000000e+000 0.000000e+000 0.000000e+000 0.000000e+000
1.9852941176470587e-001
27
0
3 1
-4.484181e-001 6.908186e-001 -6.605066e+001 -6.117963e-001 -1.562923e-001 -4.536428e+001 1.331412e-003 3.270988e-003 1.000000e+000
0.000000e+000 0.000000e+000 0.000000e+000 0.000000e+000 0.000000e+000 0.000000e+000 0.000000e+000 0.000000e+000 0.000000e+000
2.0000000000000001e-001
27
0
3 2
3.454600e-001 -9.551168e-001 -6.646404e+001 2.428837e-001 6.338229e-001 -5.618771e+001 -9.313358e-004 8.028846e-004 1.000000e+000
0.000000e+000 0.000000e+000 0.000000e+000 0.000000e+000 0.000000e+000 0.000000e+000 0.000000e+000 0.000000e+000 0.000000e+000
2.0567375886524822e-001
29
0
149
4 0 0 1 0 2 0 3 0
4 0 1 1 1 2 1 3 1
4 0 2 1 2 2 2 3 2
4 0 3 1 3 2 3 3 3
4 0 4 1 4 2 4 3 4
4 0 5 1 5 2 5 3 5
4 0 6 1 6 2 6 3 6
4 0 7 1 7 2 7 3 7
4 0 8 1 8 2 8 3 8
4 0 9 1 9 2 9 3 9
4 0 10 1 10 2 10 3 10
4 0 11 1 11 2 11 3 11
4 0 12 1 12 2 12 3 12
4 0 13 1 13 2 13 3 13
4 0 14 1 14 2 14 3 14
4 0 15 1 15 2 15 3 15
4 0 16 1 16 2 16 3 16
4 0 17 1 17 2 17 3 17
4 0 18 1 18 2 18 3 18
4 0 19 1 19 2 19 3 19
4 0 20 1 20 2 20 3 20
4 0 21 1 21 2 21 3 21
4 0 22 1 22 2 22 3 22
4 0 23 1 23 2 23 3 23
4 0 24 1 24 2 24 3 24
4 0 25 1 25 2 25 3 25
4 0 26 1 26 2 26 3 26
4 0 27 1 27 2 27 3 27
4 0 28 1 28 2 28 3 28
4 0 29 1 29 2 29 3 29
4 0 30 1 30 2 30 3 30
4 0 31 1 31 2 31 3 31
4 0 32 1 32 2 32 3 32
4 0 33 1 33 2 33 3 33
4 0 34 1 34 2 34 3 34
4 0 35 1 35 2 35 3 35
4 0 36 1 36 2 36 3 36
4 0 37 1 37 2 37 3 37
4 0 38 1 38 2 38 3 38
4 0 39 1 39 2 39 3 39
4 0 40 1 40 2 40 3 40
4 0 41 1 41 2 41 3 41
4 0 42 1 42 2 42 3 42
4 0 43 1 43 2 43 3 43
4 0 44 1 44 2 44 3 44
4 0 45 1 45 2 45 3 45
4 0 46 1 46 2 46 3 46
4 0 47 1 47 2 47 3 47
4 0 48 1 48 2 48 3 48
4 0 49 1 49 2 49 3 49
4 0 50 1 50 2 50 3 50
4 0 51 1 51 2 51 3 51
4 0 52 1 52 2 52 3 52
4 0 53 1 53 2 53 3 53
4 0 54 2 54 3 54 1 54
4 0 55 1 55 2 55 3 55
4 0 56 1 56 2 56 3 56
4 0 57 1 57 2 57 3 57
4 0 58 1 58 2 58 3 58
4 0 59 1 59 2 59 3 59
4 0 60 1 60 2 60 3 60
4 0 61 1 61 2 61 3 61
4 0 62 1 62 2 62 3 62
4 0 63 1 63 2 63 3 63
4 0 64 1 64 2 64 3 64
4 0 65 1 65 2 65 3 65
4 0 66 1 66 2 66 3 66
4 0 67 1 67 2 67 3 67
4 0 68 1 68 2 68 3 68
4 0 69 1 69 2 69 3 69
4 0 70 1 70 2 70 3 70
4 0 71 1 71 2 71 3 71
4 0 72 1 72 2 72 3 72
4 0 73 1 73 2 73 3 73
4 0 74 1 74 2 74 3 74
4 0 75 2 75 3 75 1 75
4 0 76 1 76 3 76 2 76
4 0 77 1 77 2 77 3 77
4 0 78 1 78 2 78 3 78
4 0 79 1 79 3 79 2 79
4 0 80 1 80 2 80 3 80
4 0 81 1 81 3 81 2 81
4 0 82 1 82 3 82 2 82
4 0 83 1 83 2 83 3 83
4 0 84 1 84 2 84 3 84
4 0 85 1 85 2 85 3 85
4 0 86 1 86 2 86 3 86
4 0 87 1 87 2 87 3 87
4 0 88 2 88 3 88 1 88
4 0 89 1 89 2 89 3 89
4 0 90 1 90 2 90 3 90
4 0 91 1 91 2 91 3 91
4 0 92 1 92 2 92 3 92
4 0 93 1 93 2 93 3 93
4 0 94 1 94 2 94 3 94
4 0 95 1 95 2 95 3 95
4 0 96 1 96 2 96 3 96
4 0 97 1 97 2 97 3 97
4 0 98 1 98 3 98 2 98
4 0 99 1 99 2 99 3 99
4 0 100 1 100 2 100 3 100
4 0 101 1 101 2 101 3 101
4 0 102 2 102 3 102 1 102
4 0 103 1 103 2 103 3 103
4 0 104 1 104 2 104 3 104
4 0 105 1 105 2 105 3 105
4 0 106 1 106 2 106 3 106
4 0 107 1 107 2 107 3 107
4 0 108 1 108 2 108 3 108
4 0 109 1 109 2 109 3 109
4 0 110 1 110 2 110 3 110
4 0 111 1 111 2 111 3 111
4 0 112 1 112 2 112 3 112
4 0 113 1 113 2 113 3 113
4 0 114 1 114 3 114 2 114
4 0 115 1 115 2 115 3 115
4 0 116 1 116 3 116 2 116
4 0 117 1 117 2 117 3 117
4 0 118 1 118 2 118 3 118
4 0 119 1 119 2 119 3 119
4 0 120 1 120 2 120 3 120
4 0 121 1 121 2 121 3 121
4 0 122 1 122 2 122 3 122
4 0 123 1 123 2 123 3 123
4 0 124 1 124 2 124 3 124
4 0 125 1 125 2 125 3 125
4 0 126 1 126 2 126 3 126
4 0 127 1 127 2 127 3 127
4 0 128 1 128 2 128 3 128
4 0 129 1 129 2 129 3 129
4 0 130 1 130 2 130 3 130
4 0 131 1 131 2 131 3 131
4 0 132 1 132 2 132 3 132
4 0 133 1 133 2 133 3 133
4 0 134 1 134 2 134 3 134
4 0 135 1 135 2 135 3 135
4 0 136 1 136 2 136 3 136
4 0 137 1 137 2 137 3 137
4 0 138 1 138 2 138 3 138
4 0 139 1 139 2 139 3 139
4 0 140 1 140 2 140 3 140
4 0 141 1 141 2 141 3 141
4 0 142 1 142 2 142 3 142
4 0 143 1 143 2 143 3 143
4 0 144 1 144 2 144 3 144
4 0 145 1 145 2 145 3 145
4 0 146 1 146 2 146 3 146
4 0 147 1 147 2 147 3 147
4 0 148 1 148 2 148 3 148
